7123115167630000936,林志颖赛车手，技术应该没问题[加油][加油],52,187,2,2022-07-22 16:45:54,来自福建,4142560058023691,薇薇逛红尘
7123164511460197154,晚上特斯拉官方回应，车子没问题，是司机技术不行，是自己开车撞上了，跟车子质量没关系,7,50,1,2022-07-22 19:57:00,来自福建,1417786994,念二零一六年六月初二
7123200793146262287,前方不是有雷达能自动刹车吗？,12,37,2,2022-07-22 22:17:48,来自河北,99720510390,飞鹤游天
7123208586540598019,赛车手的驾驶技术应该没问题，再说了特斯拉的技术不是也很牛吗？出了这事真不可理解,2,9,0,2022-07-22 22:49:07,来自河北,88106702777,南山草木香
7123197738761945890,换挡在银幕上？我居然想象不出来[思考],1,3,0,2022-07-22 22:06:00,来自山东,15906212550,博物馆大圣
7123177744095085346,特斯拉：他车祸关我们什么事，肯定是他不会开车。,26,191,3,2022-07-22 20:48:16,来自广东,64295868743,雅俗共赏
7123121700405461798,颜面骨折是什么意思,8,24,0,2022-07-22 17:11:55,来自山东,3466120357492286,无忧的火车7D
7123059674206978816,林志颖有那么胖吗？,26,104,6,2022-07-22 13:10:18,来自湖北,104999124754,荣姐姐的小花园
7123137630506271503,“因不明原因开车自撞分隔岛起火燃烧🔥”………应该是特斯拉的原因吧。愿林志颖父子早日康复。[祈祷][祈祷][祈祷],68,575,66,2022-07-22 18:13:00,来自陕西,2590084826406547,秦观鹊桥仙
7123104931703587597,原因不清楚，但是我们的车肯定没问题。,72,828,11,2022-07-22 16:06:15,来自四川,487776696667944,胡话
7123098671289369348,短短半个月时间，这是报道的特斯拉第二次车祸,64,191,14,2022-07-22 15:42:08,来自贵州,4349302249891020,爱笑的媌
7123177261381354281,无易燃材质？是说林志颖开的是假货吗？特斯拉的理由好强大啊,1,14,0,2022-07-22 20:46:29,来自浙江,2401790156342739,积极的帆船8G
7123131062439658273,一代车神，毁于特斯拉！,89,2093,61,2022-07-22 17:47:55,来自河北,17593720291,灋臧辵噵
7123108927226790687,每次在路上骑车都远离特斯拉，怕一下子失控给老子撞上来了！,9,365,0,2022-07-22 16:21:44,来自浙江,53544808499,地瓜薯条君
7123100227150299908,名人效应，这次看特斯拉如何善后？拭目以待……,110,784,8,2022-07-22 15:48:42,来自湖南,637350359337661,凡间烟火味
7123085103810921251,不要问特斯拉了，肯定又是司机操作不当。,51,751,20,2022-07-22 14:49:10,来自江苏,56621004794,AAKK
7123086016591921953,是超级赛车手，顶尖的技术，在这么严重的车祸，才化险为夷，幸免于难,3,14,0,2022-07-22 14:53:20,来自广东,18059596406087,风趣苹果Mo
7123065409976746792,林志颖赛车手都驾驭不了的特斯拉,14,180,1,2022-07-22 13:32:49,来自江西,6313515271,CoCoQlANDETA
7123223365775180581,这个车应该给别人动手过吧，不知道是不是得罪人了。有人要对付他手这样手段。车神开车怎么会失灵，他车失灵就为了保护他儿子受了重伤！希望他们父子平安健康！度过难关！,1,0,0,2022-07-22 23:47:13,来自广东,1126377948976031,幸运儿橙🍊
7123091804962243365,希望林志颖早上恢复健康，查明事故原因,8,63,1,2022-07-22 15:15:28,来自上海,107790193022,甜美伊人66
7123081077728117540,又是特斯拉！,80,699,19,2022-07-22 14:34:14,来自四川,70662472745,地球上流浪的灵魂
7123078110485988130,事实证明，最好的赛车手，也驾驭不了刹车不灵的特斯拉，愿父子平安[祈祷][祈祷],2,82,1,2022-07-22 14:22:03,来自上海,7016382141,甜甜l6jn
7123078760848605983,几个意思？一会儿经纪人否认是林志颖 一会儿家人又说伤者无大碍 ！当然了，网友也不希望林志颖受伤！意思是，不要总谎报事实！,8,25,3,2022-07-22 14:24:40,来自河北,60654194192,牛奋14431
7123122788042457888,我亲历，亲历：北京，2022.3月的一天傍晚，在北京团结湖姚家园路，停车场出口，我看前面一辆车徐徐正常驶出，我也匀速驶出，因为出停车场即三环边的姚家园路，路不宽，车多，慢慢开。匀速排队，澎，劲很大，我就被后面车追尾了。我这莫名其妙啊，我正常开不快，挪蹭等缴费出场，很慢速度啊，后面车这么快干啥....只见后面车司机出来了，大声说“吓死我了，怎么刹不住车啊？”我一看：诶嘛，传说的特斯拉。报警后，叔叔过来后，不敢让司机再发动那特斯拉，说：今年已经第二次遇到了特斯拉刹车失灵…我听的后背发冷…友友：美丽国是做啥啊，怎么出个大BUG的车啊？刹车失灵，还不如发动不动窝呢。再说一遍事发地址：东三环外环辅路拐进姚家园路，200米的右侧停车场！,15,107,4,2022-07-22 17:15:45,来自北京,4045841582284622,微笑星辰lU
7123079821848724258,赛车手对特斯拉都无力回天,47,1128,36,2022-07-22 14:28:49,来自湖北,1644467565374600,薄荷糖057
7123196688541647652,这种方向盘紧急的时候很可能抓不着,2,2,0,2022-07-22 22:02:18,来自辽宁,59009037118,思维的深渊
7123167095352787727,看了监控视频车速也不快，这玩意没有主动刹车吗？,12,84,3,2022-07-22 20:07:01,来自山东,632911830196307,淡定豆浆L3
7123106608616047373,一个专业车手，车上还有自己的儿子，而且车子又是在低速行驶的状态下，人为的操作失控几乎不可能，现在有两点，1为啥会失控，2为啥会快速起火，见过多少车子被撞的面目全非，也没有多少车子会像特斯拉这样起火,128,686,10,2022-07-22 16:13:10,来自广东,4023814516128252,甜甜爱吃辣吖
7123110465013678886,这次是特斯拉，不是某新能源汽车！[大笑][大笑][大笑][捂脸][捂脸][捂脸],11,168,10,2022-07-22 16:28:04,来自江苏,5791181019,苏北偏北有点侉
7123083819532092171,祝林志颖早日康复！一家人都好！开车之前一定要检查一下安全感呦。,1,45,1,2022-07-22 14:45:09,来自山东,1015540447451132,本尊女神朱冬梅爱好诗词广交天下诗友豪迈行
7123109457579524904,怎么感觉电力车比燃油车还易燃！[抠鼻],64,159,3,2022-07-22 16:23:26,来自陕西,5528138732,青莲仙子
7123080460590416640,[微笑][微笑]特斯拉，说得“真好”。,15,739,33,2022-07-22 14:31:07,来自陕西,2590084826406547,秦观鹊桥仙
7123107318724182791,车速也不快，撞了就起火是什么原理？,30,46,4,2022-07-22 16:15:41,来自河北,58907346690,吾系胖菇凉
7123086642864734976,起火是电动车的最大漏洞！,4,54,7,2022-07-22 14:55:12,来自陕西,3843494185016620,达康聊规划西安
7123188512715080487,特斯拉赔不赔？[捂脸],2,2,0,2022-07-22 21:30:50,来自江苏,50254446854,夏军26
7123082868041204519,人没事就好，车子起火会找到原因的,32,102,6,2022-07-22 14:41:14,来自浙江,101876245976,温州懂你车
7123167859785663262,特斯拉坑害多少人,17,86,4,2022-07-22 20:10:08,来自广东,4822353813,俆劎湫
7123138948548985638,气囊弹出，为何会颜面受伤呢,1,2,0,2022-07-22 18:18:30,来自江苏,3522480297751107,雅悦心成
7123119984410329897,"一：林是车手，驾驶技术肯定过硬。
二：孩子在车上，作为父亲，开车都是会很小心谨慎的。
三：白天，大马路，路况良好。
（综上所述……）",1,26,1,2022-07-22 17:04:27,来自四川,19388020370,Pos丶走读生
7123116932106683171,特斯拉要跌停了,2,8,0,2022-07-22 16:52:36,来自湖南,100730463662,橘子洲没有橘子
7123082983573127973,人没事就是最大的幸运。特斯拉算什么，还不是火了！🔥🔥[捂脸][捂脸][捂脸],2,51,2,2022-07-22 14:41:01,来自浙江,72655557045,甘露涓涓润
7123081319290340135,台媒太搞笑了，一个专业赛车手竟然“未注意车前状况”，就像在说厨师没分清盐和糖一样。,64,737,18,2022-07-22 14:35:19,来自重庆,61078077343,巴巴格拉波
7123099522728887081,这是毁容了，捡回一条命，人生无常，祝早康复。未注意前车状况的解释太牵强，未注意前车的话应该是直接撞上前车，而不是撞分隔岛。显然是为了避让前车撞上分隔岛的，大概率又是刹车问题了。,8,80,2,2022-07-22 15:44:56,来自贵州,99354153016,环游一世界
7123081518658339599,特斯拉，这车出事故的概率这么大，为什么还是有那么多的人吹捧它呢？搞不懂,132,617,5,2022-07-22 14:35:11,来自湖北,70171515460,江城老邓
7123075107513598720,有孩子在车上千万别飙车啊,4,5,0,2022-07-22 14:10:27,来自江苏,4111767450944200,职场奇遇记
7123096297007252257,特斯拉这牌子出了好多次车祸了？大家没注意吗？,10,62,3,2022-07-22 15:33:16,来自广东,77712306155,搞网络运营的江湖哥
7123081278093869860,感觉他碰车很容易出事，不知道为啥？,13,52,3,2022-07-22 14:34:44,来自安徽,73596627353,啦啦啦236572349
7123133833024701217,这声明中把救他们一命的建筑工人只字未提不合适吧？？？,4,34,4,2022-07-22 17:58:31,来自天津,61329233538,一切都不是困难
7123082179260793603,再牛逼的赛车手也驾驭不了特斯拉的失控[捂脸][捂脸],4,63,2,2022-07-22 14:38:27,来自江苏,2883299591,小胖娃娃
7123086022036210439,特斯拉这车多钱？事故这么多？,20,135,8,2022-07-22 14:52:58,来自广西,149978434533246,糖糖蛋糕🍰
7123079666705384200,特斯拉这车多钱？事故这么多？,33,191,9,2022-07-22 14:28:41,来自黑龙江,10596725030,V枫VV叶V
7123087167135449863,真有特殊情况的时候，人都撞昏迷了还能强制开车门吗？脚都被卡住了就算能开后备箱也逃不出去吧[打脸][打脸][打脸],1,36,2,2022-07-22 14:57:07,来自四川,1415774012970260,GUO唱唱
7123116128301531911,我朋友买了特斯拉不到一年半，电瓶有问题去4S店，人家检查说是人为进了水，我朋友根本不会特意去开泥坑或者水里，非要说人为进水不保修，要3万维修费，坑,7,15,2,2022-07-22 16:49:45,来自上海,5966710415,静73426520
7123059980537758504,特斯拉？林志颖才开这车？不是豪车众多吗？,9,5,0,2022-07-22 13:11:27,来自吉林,76939017326,花飞雪21
7123195519807456033,方向盘，换挡都在屏幕上，那得常看屏幕，看屏幕太影响视线了，不可思议。,1,5,1,2022-07-22 21:58:08,来自山东,102626050910,L6126
7123092405033353999,請问这样的事故该谁赔,27,62,4,2022-07-22 15:17:37,来自湖北,8099096608,王纯武
7123089676134859523,再买还是买油车，我想问若干年后强制电车化的话，谁来赔我们的车牌钱,37,103,3,2022-07-22 15:07:30,来自广东,53868499507,莫名喜感小可爱
7123081656642356008,人没事就是最大的幸运。,0,11,0,2022-07-22 14:35:40,来自黑龙江,2859144785181447,霸气威武你雪姐1
7123059179266720520,那个是他？那个是他儿子？怎么看着不像,15,40,2,2022-07-22 13:08:35,来自安徽,50721578218,三个孩子宝妈1986
7123083870022943529,特斯拉的总是出车祸，说是刹车不好啊，具体的也不记得了，反正对特斯拉比较害怕、抵触,0,6,0,2022-07-22 14:44:33,来自山西,395463603809918,凉风习习吹过
7123089196851692328,人员平安就好，特斯拉发生交通事故多[捂脸],1,6,2,2022-07-22 15:05:04,来自广东,52382478659,静儿winds
7123081435249951495,不老男神竟然毁容在特斯拉上了，倒霉,0,14,0,2022-07-22 14:35:18,来自湖北,106695366728,YIKA
7123098472554889996,昨晚刚看一个新闻一辆特斯拉等红灯弹射起步，结果被横向来的小车干翻5秒内直接起火。,3,25,1,2022-07-22 15:41:45,来自广东,3319747839,著名的吃瓜群众
7123082727570064162,特斯拉不可能起火的，是林志颖技术不行，没有受过特斯拉的驾驶培训[哈欠]相信你！,5,304,14,2022-07-22 14:40:07,来自山东,6623480880,手机用户木槿
7123162220196266785,tsl官方：根据后台数据显示，伤者是误踩油门导致车速加快失控，从而撞到了路边障碍物导致电池起火，车子没有问题！,2,41,0,2022-07-22 19:48:51,来自江苏,100023968329,稀土特种部队
7123068990960403238,他本来就是赛车手，怎么会发生这么严重的车祸[祈祷][祈祷],37,42,2,2022-07-22 13:47:42,来自安徽,52979441237,骏马驰骋何
7123057749059683111,不相信林志颖会开特斯拉[捂脸]，人家车都是几百万起的,12,14,2,2022-07-22 13:03:47,来自广东,3422099120590157,子非鱼人非兽
7123100880664691489,特斯拉不可能起火的，是林志颖技术不行，没有受过特斯拉的驾驶培训[哈欠],0,15,1,2022-07-22 15:51:22,来自山东,101492429861,分秒必争熊猫Pro
7123080310761440033,开赛车的车神居然出车祸？特斯拉频频出状况 还敢买吗？,8,279,9,2022-07-22 14:31:19,来自江西,110865323312,阳光清浅1999
7123081223111115532,这款特斯拉应该有自动避障功能.注意安全啊！,9,56,2,2022-07-22 14:35:05,来自上海,166753953130462,dghnddhn
7123131850415637281,车辆失控的时候，林志颖首先考虑儿子可能得受伤情况，而选择让自己那一侧受到更大的伤害。,63,430,56,2022-07-22 17:51:16,来自四川,3997453644730915,蓉城阿朱
7123191460094608166,大家都说车手怎么可能出车祸，溺水的老水手多得去，车手也是人不是神，车手只是高速状态下还有某些场景比普通人厉害，平常开车谁都一样，就看注意力集中或者车故障，既然是掉头回去的就表明转向没任何问题，车低速也不可能开自动驾驶，9成九是开车的时候走神了,20,15,5,2022-07-22 21:42:21,来自广东,111634885107,广西巨人黑曼巴
7123114360646058787,是不是开特斯拉只要记住怎么逃生就行？直接避开一切谈逃生的意思就是特斯拉经常出事故？所以要时刻谨记逃生方法！,1,11,2,2022-07-22 16:42:45,来自北京,1772015366187495,有钱能使鬼推磨h
7123104512948257540,我刚看了撞车视频，跟特斯拉没关系啊，自己开车撞的,82,46,13,2022-07-22 16:05:00,来自天津,5742374983,齐少的旅行生活
7123205825778467584,今年3月他再度发文说：一步一步挑战成功，电车新纪录，New record 1：54803。[比心],1,0,0,2022-07-22 22:37:34,来自吉林,4561711391,xiaogang5797
7123083862623879943,如何特斯拉总是出事故，我感觉特斯拉公司真的要检查一下汽车到底都有哪些问题了，应该重视一下[捂脸],3,75,3,2022-07-22 14:44:34,来自河北,62260982380,真诚小马爱生活
7123094080741671680,都说人被卡住了，还怎么去拿开门装置。特斯拉真是牛🐮,3,40,4,2022-07-22 15:24:07,来自陕西,3745160913,蔷薇25267957
7123212010821255944,还好没事，林志颖父子平安,0,8,1,2022-07-22 23:02:40,来自广东,6500922196,芳香心理
7123056332454347554,"他没有这么胖
你看看这个人的肚子肥厚",13,34,1,2022-07-22 12:57:22,来自广东,3328950640318796,幸运海浪ku
7123104734059250463,小林带着自己的孩子，车速不可能太快，十有八九是刹车失灵，还是我国的比亚迪牛,25,54,0,2022-07-22 16:05:21,来自湖北,6813181282,铺铺哥哥
7123083858211947305,上次特斯拉出事我就评论了，智能的东西都有抽疯的时候，厂家是不会随便承认是车子的问题，因为鬼都不知道是什么问题,11,117,10,2022-07-22 14:44:29,来自浙江,50630654363,大山悦鹰
7123082030229209893,看来本轮成都疫情又能很快控制住。好样的。,14,53,8,2022-07-22 14:37:44,来自湖北,4217359121259108,亲切荷叶AM
7123160905646900009,不给恩人一点实质感谢吗。那是冒着生命危险去做的,3,19,2,2022-07-22 19:43:06,来自湖南,6016255427,蓝色梦幻75962314
7123087745412875045,一个赛车手的车祸事故，基本和开车技术无关，这下特斯拉估计要凉半截！,36,365,5,2022-07-22 14:59:38,来自山东,3214213242,医院全面质量管理研究
7123081156845224718,今年本命年要小心啊！[祈祷][祈祷][祈祷],0,12,0,2022-07-22 14:34:25,来自湖南,52119681985,a萍姐2
7123081037047137027,一个明星受伤 我早上收到很多信息提示 无语死了！！,16,200,5,2022-07-22 14:33:59,来自福建,99108807644,不离不弃26147
7123088602821001996,现在不方便接电话…买车方便接电话吗？,4,32,2,2022-07-22 15:03:37,来自海南,2392972089627352,小马一家在海南
7123080252159132453,不是特斯拉车的原因，肯定是林志颖操作失误[捂脸][捂脸][捂脸],14,152,10,2022-07-22 14:30:53,来自四川,92809690714,晓而不言
7123082144897565451,刚看视频，在一十字路口黄灯时，一特斯拉与一SUV相撞，特斯拉起火了。看来特斯拉不安全,11,143,8,2022-07-22 14:38:40,来自辽宁,103981273141,翠花0366
7123104696562123558,同名同姓的林志颖吗？,5,14,1,2022-07-22 16:05:42,来自天津,97173040378,阵雨支柱
7123081992484324128,为什么老说特斯拉刹车问题，难道都不用丢电门就刹车那个功能,4,25,1,2022-07-22 14:37:50,来自云南,3962393377,黄河大侠来了
7123109398695707429,难不成赛车手只能开赛车？特斯拉不是赛车[捂脸],2,18,2,2022-07-22 16:23:33,来自山东,92720411938,阳光尚游房车小赵
7123097173352874793,客观的讲，一个赛车手，对于汽车驾驶应该是没有问题的。另外，车上有儿子，林志颖一定不会暴力驾驶，这是为人父的基本常识。至于，为什么发生这样的情况，等待警方调查结果，也希望特斯拉能做出回应。,13,185,1,2022-07-22 15:35:58,来自四川,598603663154302,风趣的DBDB
7123081031649198855,特斯拉瑟瑟发抖！,0,8,0,2022-07-22 14:33:55,来自湖北,50248902828,神萬亽敬仰
7123135492598104867,不明原因出车祸，请特斯拉记录仪给解释一下,22,278,22,2022-07-22 18:04:40,来自北京,6078679534,DonnieYen
7123085791848448803,"车分人来开，怪什么特斯拉呢！
是人驾驶车，又不是车驾驶人！",15,37,10,2022-07-22 14:51:46,来自河北,2862737442739187,zhaoyanguo2020
7123082851100295936,这tsl的自动刹车太垃圾了吧[捂脸][捂脸][捂脸],2,34,4,2022-07-22 14:40:17,来自广东,50226421194,Q房网邓先生
7123099367175275300,不对啊！我记得每次相关新闻，特斯拉都会在第一时间说是，司机操作不当啊！？,6,30,0,2022-07-22 15:45:09,来自河北,2397353627879400,不止音乐号
7123079295408751372,这是故意回避问题,8,300,17,2022-07-22 14:27:35,来自广西,67349500810,小樊人
7123081796321149736,特斯拉回应了？,1,9,0,2022-07-22 14:36:22,来自浙江,1776451678121662,未完待续m
7123093868320932643,关键是林志颖碰到这事，特斯拉客服直接慌了，如果换作是一个普通车主呢[呲牙]特斯拉比谁都嗓门大,18,179,3,2022-07-22 15:23:14,来自浙江,2075519184012830,笑看流年轻语岁月305
7123052863940838182,这倒地男子一看就不是林志颖啊！,15,66,0,2022-07-22 12:44:29,来自吉林,4488049425,A二二
7123088793791824672,股价可能要跌了[泪奔][泪奔]新能源汽车板块要注意风险哦——来自证券公司的开户经理[玫瑰][玫瑰][玫瑰],30,107,5,2022-07-22 15:04:08,来自湖北,1865220670890848,When梦想
7123118397651125026,特斯拉一直都存在许多事故，现在林志颖驾驶特斯拉出车祸，这下，看天下还有哪位高手敢挑战特斯拉吗？,0,11,0,2022-07-22 16:58:24,来自福建,51230698883,淡泊思忆
7123081343915426574,特斯拉这车多钱？事故这么多？,1,11,3,2022-07-22 14:35:07,来自河南,3874325362120083,充满元气的睿智追梦人
7123100996410180393,特斯拉已经开始推卸责任了！——“该客服还表示，特斯拉驾驶位附近并无易燃材质”,8,44,1,2022-07-22 15:50:42,来自安徽,3516846294,梦幻辰星N0
7123093352228193038,视频清清楚楚显示，车子调头，他的车是第一辆，前面没有任何车就这样径直撞了上去,0,1,0,2022-07-22 15:21:33,来自江苏,82631205895,开朗香瓜yI
7123080244294337310,特斯拉不可能起火的，是林志颖技术不行，没有受过特斯拉的驾驶培训[哈欠],21,352,15,2022-07-22 14:30:40,来自北京,3692976827,AL天33331069
7123081007930229516,车开的挺慢的,1,16,1,2022-07-22 14:33:57,来自山东,99131880455,救赎太阳神
7123100375153902349,特斯拉官方：其实林志颖不会开车，以前都开错了。,13,253,3,2022-07-22 15:48:29,来自陕西,1283871952608398,创意比利7Y
7123082978124628772,客服说后排乘客可以通过后备箱逃生，这句最经典[赞],24,186,3,2022-07-22 14:41:01,来自辽宁,101481878783,karlmou
7123081371316732686,醉了，都是有关林志颖车祸的推送[捂脸][捂脸],3,35,4,2022-07-22 14:35:19,来自上海,111223272541,如果再回到从前032620
7123081355639931659,这车那么多事故还是有那么多人买为什么？,4,19,0,2022-07-22 14:35:25,来自广东,106813229260,回城fang
7123092259893330722,特斯拉是重点,0,2,0,2022-07-22 15:16:59,来自江西,30406394519731,干豆
7123057309420585741,一看就不是林志颖啊,11,34,2,2022-07-22 13:01:16,来自内蒙古,2630454457933268,a风吹草低见小杨
7123131663382496038,事实证明了技术再高的赛车手也驾驭不了，刹车不灵的特斯拉。,7,183,7,2022-07-22 17:50:06,来自四川,3997453644730915,蓉城阿朱
7123184401475453737,作为一个开车8年的人来说，这种情况撞车只有两种，一种是转向和刹车同时失灵，只有满足这两个条件同时发生，会导致这种状况发生，这种空旷的马路和专业车手只发生一项故障，不至于撞上去。第二种就是看手机，没注意车辆，导致撞上去,6,6,1,2022-07-22 21:14:19,来自湖南,3988695956,白雪公主玙七个郭敬明
7123133164599771915,怎么没提到孩子？孩子应该也没事儿吧,28,79,7,2022-07-22 17:56:14,来自北京,73459578293,圆乎乎的小仙女
7123080644250338063,遇到刹车失灵，不说赛车手，就是神仙可能也没办法！特斯拉太吓人了。,5,113,11,2022-07-22 14:31:39,来自贵州,74065000023,A兮兮11
7123083951593243428,我想问问买特斯拉的车主，就问你开着个燃烧弹慌不慌？？？[我想静静]路上看见特斯拉我都绕着走，碰不起啊，一碰就着火，不是闹着玩的,15,81,1,2022-07-22 14:44:47,来自上海,285521947667924,LOL手游The菜
7123114882408563469,万幸的是开车人没事，这特斯拉官方的回应着实让要买车的人为此忧虑一番[震惊][玫瑰],0,3,0,2022-07-22 16:44:54,来自江苏,96342890395,123小可爱0061
7123215439601795848,巡航拨杆，按一下是定速巡航，连续按两下是车道保持加ACC巡航。看视频画面，感觉是掉头后，林志颖看到前方无车，就想开启车道保持和ACC，没想到只按到一下，然后就低头做其他事了。等官方数据结果吧，车有黑匣子的。林志颖是小时候的偶像，希望他健健康康。,0,4,1,2022-07-22 23:16:01,来自上海,5348471838,真诚无业游民
7123215449902908194,我突然想起练车的时候聊天起买车的事，我教练一本正经的说以后起火的肯定都是电车，看来电车确实技术不成熟，不要忙乱推了，也不知道到底是特斯拉的原因还是电车的原因,0,2,0,2022-07-22 23:15:18,来自天津,395423975742845,喵喵181818
7123133343029969705,岁月没有让林志颖留下的痕迹，特斯拉给留下了，是真的牛哦！这下特斯拉不火都不行啦！以前总说是女司机惹的祸，这下该推给谁呢,24,356,18,2022-07-22 17:56:21,来自广东,51422108153,珍惜每一天846
7123141821739402023,怎么没提到孩子？孩子应该没事吧,8,73,11,2022-07-22 18:29:37,来自北京,95699606149,cjp81331392
7123081257017770783,特斯拉又大大的火了。,0,7,0,2022-07-22 14:34:42,来自安徽,4023859235792023,看夏日晴空
7123110871806755584,林志颖是赛车手，加上他孩子又在车上，所以车速应该是在安全范围内，林是车手，驾驶技术是过硬的，撞在隔离墩上，显然与他的驾驶技术不和，两种可能，一是林手动驾驶到时候，特斯拉出现了不能控制的状况；二是林开启自动驾驶，特斯拉的识别出现了问题。,0,12,0,2022-07-22 16:29:03,来自重庆,3407440247,创新者先舟
7123109568808305423,盲猜一下事故，林开启了特斯拉自动驾驶，然后太阳太大没识别到车道线或识别错误导致偏离了。而林太相信自动驾驶没有及时控制车辆,3,6,1,2022-07-22 16:24:01,来自广东,3135442312500164,barry丶14
7123074865397056263,特斯拉刹车失灵！望小志早日康复,3,41,4,2022-07-22 14:09:47,来自河南,86578544646,Lucy安静
7123074684094579487,已确认林志颖肩部粉碎性骨折。,1,3,0,2022-07-22 14:09:23,来自辽宁,59438831581,勇敢一点L
7123132075716772616,他会怎么感谢他的救命恩人呢,38,144,18,2022-07-22 17:51:49,来自福建,93454136909,💫「Miss Yu、」
7123131771323368230,林志颖开车出车祸那应该不是技术问题，肯定是车的问题，一看是特斯拉就更不用怀疑了…,1,23,4,2022-07-22 17:50:43,来自四川,3997453644730915,蓉城阿朱
7123152048011019023,是上爸爸去哪儿那个儿子吗,15,38,9,2022-07-22 19:08:50,来自上海,109219767646,绿叶一枚825
7123181593564332835,感觉特斯拉的车出事不少。,8,71,1,2022-07-22 21:03:15,来自贵州,16641381203,小骆驼蜘蛛
7123081374801642251,特斯拉真是拉……,0,10,0,2022-07-22 14:35:21,来自陕西,109625618966,宁Emma
7123077276933276429,其实哪个品牌都有出事故的几率，我们家开特斯拉还是不错的,4,5,3,2022-07-22 14:19:09,来自广东,3320159449656299,小鱼小鱼82
7123081166218969891,[祈祷][祈祷][祈祷]生命至上，交通出行，牢记安全第一。愿林志颖早日康复。,0,286,3,2022-07-22 14:33:48,来自陕西,2590084826406547,秦观鹊桥仙
7123079897592906509,很多人都说特斯拉车安全差！为什么有很多人买！一定要调查清楚这个车的安全性,13,59,11,2022-07-22 14:29:13,来自江苏,97561829738,倩阿儿
7123081133864502046,人家可是赛车手。特斯拉倒霉了,3,43,2,2022-07-22 14:34:24,来自辽宁,76442458685,幻月散人2
7123191886210564877,以后就不敢买这车了，毕竟命更重要，见到特斯拉都自觉避让,16,42,2,2022-07-22 21:43:38,来自北京,53651791159,真实最好08
7123174845013263116,电动车着火没啥看点，看点在于这次特斯拉如何善后[捂脸],0,12,0,2022-07-22 20:37:30,来自辽宁,73208423292,非专业车评
7123139444752319262,小志本命年，逃过一劫必有后福,24,162,18,2022-07-22 18:20:11,来自上海,55511879274,lin麒麟
7123116782805926664,"點評
這世界上每天每分鐘都有車禍事故
一個再正常不過的車禍事故而已
平台不停地推送
某些媒體自媒體不斷地報道公示廣而告之
我不想圍觀也被逼著要看要聽
哪裏殺人了
哪裏又車禍
哪裏又是怎麽怎麽樣
～
平台媒體也瘋狂",2,6,3,2022-07-22 16:52:35,来自陕西,3527668899003367,新财富女性
7123083242647356190,是电池挤压起火吧，十个特斯拉九个发生事故起火，说句不好听的发生事故不至于死，恐怕都有可能被火烧没了[我想静静],21,66,1,2022-07-22 14:42:30,来自江苏,2137060031861662,平荡
7123083996850389775,有没有可能是刹车失灵导致的，林志颖可是这也赛车手，驾车技术比我们普通人强多了。,33,84,1,2022-07-22 14:44:56,来自湖南,849247418197199,南博至忠
7123093044836565773,"7月21日早，杭州一辆特斯拉与丰田suv碰撞，瞬间起火，
这起林志颖驾驶特斯拉撞电线杆，车辆也直接烧成废铁，还好大白天有人经过被救了出来。",2,24,2,2022-07-22 15:20:31,来自浙江,4148684331,随波逐流34283376
7123072861530735397,400万没写错吧,15,7,4,2022-07-22 14:01:56,来自吉林,4068617906031085,百禾国际然然
7123082462066049826,这人也不像林志颖啊,8,67,4,2022-07-22 14:38:47,来自湖北,98022403333,红色高跟鞋192
7123200000426918656,还有大哥说人家玩手机，我们普通人遇到这种情况，会下意识的打方向，保护自己，按常理说，应该是副驾驶撞击最厉害，他这个撞击，主驾驶厉害副驾驶人没事，肯定是在撞击的时候，为了保护儿子采取了措施。,3,12,1,2022-07-22 22:14:44,来自山东,3619231232167096,笑看生活L
7123089274056524574,关键是起火了，起火了！！油车这么撞，会起火么？,8,6,0,2022-07-22 15:05:39,来自山东,105823590074,伯仲叔789
7123082090216407808,希望他们父子没事,4,28,2,2022-07-22 14:37:36,来自甘肃,98576702693,苏丹8484
7123164323811197736,特斯拉这段时间挺火,4,40,1,2022-07-22 19:56:13,来自广东,14230076678,贝牛奶
7123136290065105675,很多人都说世界没有那么美好，但是经过这一次，我才知道世界好人真多，做为不老男神的粉丝在这里谢谢好心人帮助不老男神父子度过难关，也祝愿我的男神早日康复，容颜一样帅气，身体一样健康，越来越出名,12,112,19,2022-07-22 18:08:17,来自广东,3281419042037607,@@@梦琪
7123093960050017031,作为F1赛车手，林志颖的驾驶技术，特斯拉这次没得帅锅了吧。,9,35,2,2022-07-22 15:24:00,来自广东,6049349225,一丁木
7123188356015620896,7月初，重庆黄水 一辆特斯拉失灵冲撞人群，造成几人死亡。现在看到特斯拉躲远点。,6,12,1,2022-07-22 21:30:03,来自重庆,3614782580588924,简单生活的麻麻
7123083697116496648,我买的特斯拉股票，看来又得损失2000亿美金[流泪][流泪][流泪],2,8,0,2022-07-22 14:43:44,来自上海,54656818616,企鹅穿裤衩
7123164307819086626,特斯拉没有问题，有可能驾驶员驾驶经验不足导致的事故，,4,15,1,2022-07-22 19:56:25,来自新疆,4223972532,热心阳光Ab
7123062518985360168,昨天还在视察工地,1,4,0,2022-07-22 13:21:27,来自福建,61224006530,厦漳七彩家居美容修复
7123080088887395111,[捂脸][捂脸][捂脸]特斯拉是不是老出事了,8,166,7,2022-07-22 14:30:37,来自北京,1363031085026539,因为爱哭叫抹抹啊
7123079849497559821,半个车都烧没了，没爆炸不错了捡回一条命万幸啊！,9,49,6,2022-07-22 14:29:30,来自天津,3949086639928316,率真明镜nw
7123199749100159759,这次这人开这车这速度出了这个火，这次这车先表态这车前门有机械开门装置 ，后门只能从后备箱逃生，是不是这车不愿给开这车的这人留更快的逃生机会。这次这车粉可别拉上其他品牌，就事论事，可别转移了。最后还得等开这车的赛车手手回复，按以前这车的各项数据这车的公司肯定有的，看看这车怎么处理这结果。,0,1,0,2022-07-22 22:13:51,来自山东,5923209701,方拾忆
7123089516428411686,全篇都在说林志颖受伤的是，他儿子伤势只字未提。,4,8,1,2022-07-22 15:07:11,来自河南,4042586929,有诗在远方等待去寻找
7123081814042411789,意思是毁容了吗？！我的不老男神[流泪],9,51,2,2022-07-22 14:37:01,来自河北,50426257814,领悟241463369
7123095574760850208,后门减配机械开关，想放到后排座椅从后门逃生，没门，座椅也是电控的,1,17,0,2022-07-22 15:30:29,来自广东,52067194031,scheriter
7123081031951336233,特斯拉官方回应：车主教育不足，车主不会开车所导致！[思考][思考][思考],0,23,0,2022-07-22 14:33:31,来自新疆,104397220573,一只小喵喵miao
7123063168922338056,这个怎么看都不像林志颖啊！,2,1,0,2022-07-22 13:24:19,来自广东,84062005024,魔法Gina
7123083279297102627,后备箱怎么逃生呀 断电情况下里面怎么打开后备箱,20,29,1,2022-07-22 14:42:01,来自广东,67706051399,彭于晏爱开车
7123084197812126479,特斯拉还能着火？我滴天，这不是宇宙无敌牛逼的特斯拉么,1,27,0,2022-07-22 14:45:44,来自内蒙古,2788007607800127,大探换大G
7123118502172656392,随随便便就起火，前天刚看一个国内的特斯拉过路口撞一下起火，电池没过关啊,2,3,0,2022-07-22 16:59:09,来自湖北,1512527819707464,沔阳小礼
7123166769308975907,从监控来看，速度也没有突变，而且方向也是缓慢偏转过去，然后一直直行撞上的，似乎真的是类似走神或干什么事没注意路撞上的。当然，一切还是要以调查结果为准。另外再说一句，这么简单撞一下就起火，感觉用电池的新能源车也太危险了,0,0,0,2022-07-22 20:05:53,来自四川,80294898058,fishjam519
7123080947725697824,不相信 首先是车手 其次特斯拉有防碰撞预警 即使不刹车干预 也不至于撞上,2,10,0,2022-07-22 14:33:57,来自辽宁,1297073035030635,田川1989
7123095371475632899,一看就是林志颖刹车当油门了，路灯杆都撞倒了，力度很大。看来车手林志颖现在车技不行了，油门刹车都分不清。,4,13,1,2022-07-22 15:29:53,来自山西,20462763779,阿辉3333
7123084519133610782,可能是车道修正故障抢方向盘，不然怎么会径直撞护栏，想不通[我想静静][我想静静][我想静静],4,9,1,2022-07-22 14:47:21,来自广东,54922663007,Nod1
7123081306648593152,即使如此，但是不应该起火吧？,3,11,0,2022-07-22 14:34:26,来自江西,104710519146,遇良人2020
7123063900194538275,特斯拉能当赛车？！还是安全最重要,1,19,1,2022-07-22 13:26:45,来自北京,3562830221023959,灵小丽
7123084119961043742,特斯拉一直怼普通驾驶员操作不当，林可是专业赛车手，他也操作不当呗……[吐舌],2,23,5,2022-07-22 14:45:24,来自河南,19751929133,信阳毛尖茶农小邱
7123132302372782879,这个有点讽刺了，特斯拉到底是个啥车？夺命车吗？论技术，还能有林更会开车的吗？除非他开车的时候犯了某些疾病？不然特斯拉的问题没跑儿啊…这车不太行啊,25,183,14,2022-07-22 17:52:44,来自辽宁,2946344777174408,好学暖阳4A
7123163426423391010,特斯拉：跟我没有关系！这是驾驶人 不会开车！,1,20,1,2022-07-22 19:52:55,来自江苏,100447316834,渝酱汁
7123105455115207427,"不用说，
tsl一定没有责任。
主要是驾驶员不熟练，
或者驾驶员操作不当
出院后要参加驾驶培训
不服？
记住：tsl任何时候都没有责任
车很有面子
[灵光一闪][灵光一闪][灵光一闪]",0,7,0,2022-07-22 16:08:41,来自吉林,5705646499,梦61254549
7123163800501240617,关键是视频里面也没有什么复杂的路况吖，他在直行，而且旁边也没车。突然自己就撞到旁边去了。起火烧了三个小时。幸亏旁边有人把他们救出来了。,0,0,0,2022-07-22 19:54:26,来自湖北,103761386086,神经Andy
7123088265603138308,林志颖驾驶特斯拉发生车祸……,0,13,0,2022-07-22 15:02:22,来自山东,1121130530223971,love美少女的日常
7123221608042709793,电车还有手动开关装置才能强制解锁车门？？？？？我去年底昂克赛拉撞车，我速度40和速度30的对撞，碰撞传感器0.1s作出反映！气囊瞬间炸出来，然后安全带瞬间卡死，汽车自动双闪，4车门全部解锁,0,0,0,2022-07-22 23:40:32,来自江苏,51610602721,张小小55
7123082488205148941,“后排乘客可通过后备箱逃生”听了让人很恐怖。若后排坐着的是老人孩子怎么办？若撞车时有人员受伤也要从后备箱里爬出来？后备箱不是门，空间狭小。在正常情况下年轻人尚能奋力出逃，如果后备箱里还有物品怎么办？事故使后备箱受损打不开怎么办？特斯拉！太恐怖啦！,4,19,4,2022-07-22 14:39:19,来自江苏,61043873248,优美饼干2p
7123079761122870016,这特斯拉究竟谁能驾驭,16,162,8,2022-07-22 14:28:26,来自四川,3337760952026807,十一和薇薇
7123079582970512141,这叫什么回复？都着火了还说没有易燃组织,10,93,8,2022-07-22 14:28:29,来自广东,4389711859947421,licici
7123079468943737637,特斯拉的负面新闻又出了[流泪],8,21,2,2022-07-22 14:27:52,来自山东,85614550606,464824116
7123134645793014542,看视频里车速很慢，旁边也没有别的车干扰，路面也宽阔无障碍，这个车就那么慢慢的开着，毫无预兆的到了隔离带那里偏过去撞向隔离带。车是掉了头然后慢慢开着，应该不是刹车问题。能联想到的要么是方向盘失灵，要么是司机走神了，捡东西或看别处之类的，所以没看到隔离带。,45,103,17,2022-07-22 18:01:40,来自四川,110514123585,cissyer
7123080578022867712,主副驾驶有机械开车门的装置，可在断电情况下强制解锁车门，后排乘客可通过后备箱逃生[恐惧]我的天，后排坐的很多是妇女老人小孩，让他们通过后备箱逃生？？！不是开玩笑吧！？,2,12,2,2022-07-22 14:31:38,来自广东,104290955033,王不杀王
7123223978424156939,我知道，是有人在车上装了爆炸💥物,0,0,0,2022-07-22 23:49:52,来自广东,50013826278,杠上花的花儿谢了
7123079717632541447,买国产车不香吗？比亚迪刀片电池中间捅个大洞都不会爆炸，安全环保,19,91,10,2022-07-22 14:28:54,来自辽宁,51240135854,丸子小米饭饭
7123082733592724262,后排竟然没有机械能把手，要走后备箱,13,41,1,2022-07-22 14:40:53,来自江苏,85445989661,唐僧爱用海飞丝哦
7123080416953205536,赛车手开T都收拾，普通人是不是就请亲戚喝酒了[捂脸],5,83,6,2022-07-22 14:31:48,来自广东,109666938614,坦坦荡荡的马踏飞燕一
7123074569564668708,特斯拉刹车失灵，失控撞了,2,28,0,2022-07-22 14:08:39,来自山东,5332111209,大鱼菇凉
7123133368899879684,不关心明星的事,11,49,9,2022-07-22 17:56:39,来自四川,2159074946594136,二胖1314
7123080940288918287,自动刹车呢？安全系数为零？,2,15,0,2022-07-22 14:33:04,来自内蒙古,96665637454,主持人呼和
7123144146331878155,"“因不明原因开车自撞分隔岛起火燃烧”
这句话的意思是事故为驾驶员主观原因，不是车辆失控造成。
事故责任应该清楚了，不是特斯拉的问题，但我觉得奇怪的是：这样一起油车基本不会燃烧的事故，这辆车为什么会烧起来？
假设没有路人及时救援，林家父子岂不是会被活活烧死？
个人以为车辆最重要的是安全性，如果一辆车一碰撞就会起火的话，那它的安全性就实在太低，希望特斯拉能够认真调查对产品进行改进。",22,37,9,2022-07-22 18:38:36,来自上海,77352548026,一碗肠旺面
7123172206934491942,绝对不是车的问题，是人不会开，我们都知道,0,13,0,2022-07-22 20:27:29,来自浙江,92760922202,轩豆708
7123138760010842888,愿林志颖父子平安[祈祷]早日康复！,1,81,6,2022-07-22 18:17:23,来自辽宁,1170354430807367,wJ红红果
7123077465597068069,躺着那人是林志颖?我不信,9,30,1,2022-07-22 14:19:42,来自广东,5993393264,钱小鑫74747221
7123201393259217701,特斯拉：车主技术问题[看],0,0,1,2022-07-22 22:20:45,来自广东,63711046945,玫瑰195398410
7123131244010849031,不要问特斯拉了，肯定又是司机操作不当。,0,2,0,2022-07-22 17:48:17,来自浙江,100227575086,自足常乐2007
7123108367605908235,林志颖父子，开始我还以为是林志颖和他爸在车上,1,1,0,2022-07-22 16:20:02,来自江苏,109211000095,interface21
7123131635428147983,不关心明星的事,31,85,13,2022-07-22 17:49:45,来自河北,3846926676,陈芊芊特爱美
7123162503618020108,林志颖虽然是专业赛车手，但他没有经过特斯拉公司专业驾校的培训考试，对特斯拉机车的使用没有形成熟练操作，不能完全胜任驾驶特斯拉机车。这次事故和特斯拉车辆的质量没有关系！（特斯拉公司特此声明）,15,60,10,2022-07-22 19:49:57,来自河南,6210475434,ZHUGONGYUAN
7123084051263259433,电脑幕后操作的！谁还买特斯拉啊。,7,16,1,2022-07-22 14:45:17,来自重庆,954017219089054,瓦0罐
7123214821708956427,我怀疑是林志颖开启了特斯拉的自动驾驶模式。,0,0,0,2022-07-22 23:13:37,来自陕西,5132165775,工程壹哥阿飞
7123132818854773537,不幸的万幸，人没大事就好，开车的朋友上路多加小心,1,28,5,2022-07-22 17:54:54,来自福建,3730003981506955,梦幻松鼠2o
7123099457730085664,后座位，只能通过后备箱出来，这么垃圾的体验设计？？？,4,10,0,2022-07-22 15:45:32,来自福建,6919871758,自律1111
7123156217832817443,这可是赛车手。开车技术超群。看视频开得挺稳，为啥能撞车？到底是车的原因，还是精神方便出现幻觉……,3,9,0,2022-07-22 19:25:09,来自浙江,4265707049073432,无忧的饭团R3
7123108043847680803,目击者眼睛是x光，连骨折都可以看出来,3,2,1,2022-07-22 16:18:14,来自北京,55540901334,何许人jeep
7123181510211027727,保护孩子是父母的下意识反应，林志颖儿子受伤应该轻些,0,9,0,2022-07-22 21:02:51,来自安徽,1222261032889885,阳阳920
7123082784524403488,我的特斯拉也报废了，老林同志，希望你带着我一起维权,1,17,2,2022-07-22 14:40:53,来自福建,2524893510374523,无痕
7123171454585225999,不明白为什么会直线撞车，撞上后就燃烧起来了？首先他是职业赛车手，技术肯定没问题，应对突发状况也肯定比普通老百姓反应快，其次特斯拉是带有自动驾驶，自动刹车功能的吧？遇到前方有障碍物，车子不是会自动刹停吗？就算不能刹停，车子也会有一个急刹的动作吧，这个动作就可以提醒到司机前方有危险，需要紧急刹车，这个时候司机应该会踩刹车吧！既然踩了刹车，车子就减速了，而且还是在转弯后减速的，车速应该不快。车速不快，司机又有反应的情况下，车子为什么会燃烧起来呢？有专业人士给普通老百姓解答一下吗？,7,17,3,2022-07-22 20:23:51,来自广东,1085962367283613,方圆影视吧
7123172381182919461,希望林志颖早上恢复健康，查明事故原因,0,0,0,2022-07-22 20:27:37,来自辽宁,75162291788,初秋4168
7123187189311390476,"看到车子走的路线我就知道原因了，这种情况我也遇到过，林志颖以为开启了AP，实际上可能只拨了一下怀档，或者开的时候车子在线中间导致车子没识别车道，车子进入了ACC。
应该让特斯拉取消ACC就好了，要么走AP接管，要么人自己开。以为进去AP实际车子没有接管这种情况确实危险，而且也常见。驾驶员不注意以为AP在开那就坏了。",2,19,3,2022-07-22 21:25:37,来自湖北,4169793611248877,吨吨的理想生活
7123153788449669919,真的要好好感谢把林志颖父子救出来的人！,0,25,2,2022-07-22 19:15:53,来自江苏,3500447704818391,高冷火车wv
7123123834945110824,22年老司机告诉你老司机就算是下意识开车也是行云流水不会存在跑偏的，比如说聊天 打手机 看视频 玩手游，捡个手机吃个饭都不是问题。除非是短暂意识昏迷，比如说打盹，长时间疲劳驾驶，以及突发事件。看视频调头后长时间跑偏应该是突发事件，就像是发动机熄火方向盘锁死失去助力泵打不动方向，刹车油管爆裂踩不动等这些我都遇到过。个人观点和特斯拉没关系我也没开过纯电的车，不知道和带发动机的有没关系。,0,1,0,2022-07-22 17:19:25,来自天津,3749393050,精神卫生中心—许主任
7123056320890143527,一个车手，居然撞桥墩。这特斯拉又刹车失灵了？,2,27,1,2022-07-22 12:58:01,来自辽宁,48012479708717,奉天鬼叔
7123082894721450784,这个可是赛车手，都驾驭不了特斯拉吗？,34,204,1,2022-07-22 14:41:24,来自广东,3403734194078903,87岁背井离乡
7123189927550092039,有人说过了，目前的电车还没解决碰撞电池起火的问题，而且电火是瞬间的，门要是开不了那就直接挂,3,9,0,2022-07-22 21:35:56,来自湖北,102972954095,驰诚二手车—张
7123105945420907279,电车一出事故就着火太可怕了，辛亏比亚迪有刀片电池,8,25,2,2022-07-22 16:10:09,来自广东,3728144843,小怪兽没有奥特曼
7123080847003616012,一个赛车手竟然出车祸,15,66,5,2022-07-22 14:33:33,来自广东,100723634050,970710057
7123080971939365673,孩子呢[泣不成声],8,23,3,2022-07-22 14:33:16,来自广东,2524078289465192,N暖暖🧟‍♀️
7123219240714978055,呵呵，这下看特斯拉怎么公关了,0,0,0,2022-07-22 23:30:57,来自四川,3642026355595988,荼蘼花事了450
7123080032675382049,还是要选比亚迪，电池不会燃。这一车祸就燃、燃、燃，谁顶得住！,5,15,0,2022-07-22 14:30:28,来自贵州,5459566680,牧马南天
7123107559820837670,"一、曹德旺评价特斯拉成功的关键
一直以来，中国制造的速度和质量都非常惊人。曾经曹德旺就说过，特斯拉选择在上海建厂是非常明智的选择，这速度放在国外不一定能做出来，而马斯克能成为首富，特斯拉无疑是起到了关键性的作用，无论是特斯拉的殖民火星计划还是其他计划，所用的资金几乎都是来自特斯拉的盈利。富士康、三星、李嘉诚纷纷选择投资海外市场，去了一遭才发现还是国内市场环境好，中国是制造业大国确实是不争的事实，而且现在我们还在往高端制造转型，现在就连ASML也要加大布局中国市场，可见，中国制造真的已经“飞”起来了!
二、特斯拉为什么老出事
“因为相比传统的燃油车，电动车的提速就比较猛。售价30多万元的特斯拉Model 3，零百加速也只有3.3秒，提速非常的快。再加上，特斯拉使用的是单踏板模式。只要松开电门，车辆就会自动的刹车。这个功能，虽然可以最大程度地回收电量，提升续航能力。不过对于大多数开过了传统的燃油车以及新手司机来说，可能还真得需要很长的时间去适应。如果不够熟练，在驾驶车辆的时候一旦紧张，就会引发交通事故。”",0,1,0,2022-07-22 16:16:53,来自新疆,1416631304854109,小伍观视界
7123080760986305280,比亚迪你不驾驶，你非要驾驶特斯拉,2,14,1,2022-07-22 14:32:14,来自广东,976779337543331,罗光义薄云天
7123194407390020386,原因用找吗？马路墩子比较矮，车直接底盘电池怼上了，电池受外力碰撞挤压起火。,0,1,0,2022-07-22 21:53:04,来自浙江,104687444179,小米的爸
7123132637358605090,谁还敢买？赛车手都能出事,8,69,4,2022-07-22 17:53:26,来自福建,3425733761041308,水瓶双鱼的女子
7123174092534498078,一开始觉得大家不该拿这种事说特斯拉，应该把重点关注到人员伤势，直到看了监控视频。如果司机不是酒驾，我感觉车速看着不快，撞车原因值得深究。,0,4,0,2022-07-22 20:34:18,来自北京,53285813531,BurNing12
7123132452419814179,有钱没钱都决定不买特斯拉！太可怕了[笑哭][笑哭]期盼林志颖和儿子一切安好！赶快好起来🙏🙏,11,104,8,2022-07-22 17:52:50,来自广东,82531625772,蔓蔓好物
7123084421904810788,我想问的不是起火，我想问的是为啥失控,11,14,1,2022-07-22 14:46:43,来自贵州,3421282434555150,love雨薇
7123080003524739840,看林志玲康复了怎么说，到底是自己驾驶问题还是车子原因,3,3,1,2022-07-22 14:29:26,来自湖北,5931017948,瓜怂呀
7123077577304245029,就看林志颖敢不敢说了，他应该不怕赔500万,1,1,0,2022-07-22 14:20:20,来自重庆,100998679689,送赞友
7123079958314009375,特斯拉：原因暂时不清楚。但是我内心慌得一批！！！,2,10,0,2022-07-22 14:29:30,来自上海,6527044994,狼图腾不是狼
7123193865359966990,目前特斯拉有点慌呀[狗头],0,3,0,2022-07-22 21:51:20,来自安徽,2513005536,做个成功的农民
7123093527382770473,一位专业赛车手，这波特斯拉,0,1,0,2022-07-22 15:22:00,来自河北,78758924702,浅语之夜
7123132077436207908,TS拉人家知道自己车有什么毛病，所以起火时，若遇到紧急情况，主副驾驶有机械开车门的装置，可在断电情况下强制解锁车门，后排乘客可通过后备箱逃生[大笑][大笑],0,1,0,2022-07-22 17:51:42,来自河北,52409217599,ぷ会游泳的鱼
7123132267626562334,这有歧义呀，因不明原因开车？,18,29,8,2022-07-22 17:52:13,来自四川,22612734600,陌上花开147263794
7123136115292603168,都是驾驶者的错，特斯拉没有责任。,0,1,0,2022-07-22 18:07:45,来自广东,607388688983656,羿程
7123170548347339555,不管是怎么回事。林志颖都能出事，特斯拉以后在中国的销量堪忧了[抠鼻],0,0,0,2022-07-22 20:20:26,来自湖北,103761386086,神经Andy
7123159071758664451,祈祷父子平安[祈祷][祈祷],0,41,6,2022-07-22 19:36:42,来自黑龙江,15356786493,zp沉默的蓓蕾
7123079391286280999,特斯拉：开车技术有问题,4,44,3,2022-07-22 14:27:54,来自广西,61963758713,放荡不羁爱装逼888
7123179854207501093,人家可是赛车手，都出了这样的事看特斯拉这次又怎么回应,0,0,0,2022-07-22 20:56:48,来自江苏,85300907661,月光宝盒back
7123081409664844576,林志颖应该接受教训从此退出江湖！,1,7,0,2022-07-22 14:35:27,来自北京,3197691105,偽爱垨扌户
7123167233538392873,感谢好心人及时伸出援手祝愿一起平安康复[祈祷][祈祷][祈祷],0,6,1,2022-07-22 20:07:31,来自广西,50259344656,H豆H
7123079550837850912,林志颖半个赛车手也能把刹车当油门啊，特斯拉表示不解,5,20,4,2022-07-22 14:28:25,来自山东,4050848666,山东大磊子
7123115835010810632,短短半个月时间，这是报道的特斯拉第二次车祸,0,1,0,2022-07-22 16:48:45,来自广东,352294526269438,动感XMM
7123120722683118369,特斯拉说：我们的车没问题，出问题的都是因为司机不专业。,0,2,0,2022-07-22 17:07:34,来自广东,106734752659,kitten冰冰
7123207517186097920,都撞晕了，怎么强制解锁车门。,0,0,0,2022-07-22 22:44:14,来自山东,84838552261,怎么真服了
7123131716675306271,不明原因？特斯拉火了,16,82,13,2022-07-22 17:50:06,来自广西,6206463634,海上一树花
7123214448307143461,人没事就好，望林志颖父子早日康复！多亏好心的路人及时救助，好人一生平安！[赞][赞][赞],0,2,1,2022-07-22 23:11:42,来自河北,111108405596,15130242096
7123106589854679840,特斯拉优点就是出车祸不用修，着火着没了官方会直接换新的[捂脸],0,3,1,2022-07-22 16:13:20,来自江苏,3782736235465303,丽丽Dr.
7123080296404091663,估计是开特斯拉这种豪车太紧张了，油门当刹车了[偷笑][偷笑],12,11,2,2022-07-22 14:30:24,来自云南,4125560574,小楼今夜听春雨
7123217717833990923,后排通过后备箱逃生，紧急情况能逃到后备箱再打开尾箱盖？请问你们还敢买吗？,0,0,0,2022-07-22 23:24:53,来自湖南,50037132518,剑抹深蓝
7123190650471957283,人没事就好，望林志颖父子早日康复！多亏好心的路人及时救助，好人一生平安！,0,15,1,2022-07-22 21:38:20,来自江西,2595267837170320,徐
7123098807784801064,我发现电车但凡稍微严重撞车，就起火！是不是都这样啊,3,1,0,2022-07-22 15:42:21,来自浙江,67674068780,吾喵狗
7123115610795655950,从视频来看，车速不快啊，怎么一碰就着火了呢过？？？又刚转完弯，不可能是打瞌睡吧？奇怪了，之前这款车就爆出刹车失灵，现在又出这样的事，还出在赛车手身上，视频看见速度真不快,0,2,1,2022-07-22 16:47:47,来自广东,97529004179,得理能饶人
7123081159080559398,特斯拉不是有辅助驾驶功能吗 咋个就不能躲避呢 还说24年就要全面实现无人驾驶 就这样还敢让机器操作,8,70,5,2022-07-22 14:34:47,来自四川,107674155989,朵朵5201234
7123204705844675367,半个方向绝对是缺陷，感觉是新奇了，酷了，但出现意外紧急情况是很不好拉方向盘的，命没了就不酷了。,0,0,0,2022-07-22 22:33:49,来自江西,58296576526,山水1125733
7123110659671982885,不是特斯拉的错，是林开车不专业,0,1,0,2022-07-22 16:28:35,,54776696027,素心若雪6658
7123195238214583055,司机要是昏迷了 怎么打开车门,0,0,0,2022-07-22 21:56:19,来自河北,413010573146845,倩2155
7123115884558254885,原来开了一辆特斯拉呀。我还纳闷呢。照他的车技肯定不会犯这样的错误啊！,0,3,0,2022-07-22 16:49:02,来自山东,2392145650521613,师说百万生涯正道
7123081027840869123,看到特斯拉，就想到车祸[大笑],0,7,0,2022-07-22 14:34:19,来自安徽,6620448371,风格组合键
7123205971111150377,祝你早日康复出院，身体健康，万事如意，谢谢，在这里也谢谢各位网友的评论关注关心。支持[祈祷][玫瑰][赞][给力][V5],0,1,0,2022-07-22 22:38:05,来自江苏,2331404265592316,元气柑桔UV
7123079788180734751,连赛车手都开不了别人买了就是要命呀！,1,193,7,2022-07-22 14:29:02,来自河北,51778107785,世界那么大就该去看看
7123189909871018793,"特斯拉这次连我偶像都没放过，过份了！！[发怒]
希望小志安康，大难不死必有后福[祈祷]",0,0,0,2022-07-22 21:35:31,来自福建,2128279014217404,汪小鱼999
7123164099626107683,申明了个寂寞，车祸不明，病情无法说明。,0,6,0,2022-07-22 19:55:29,来自江苏,106323232699,帝国机械
7123218341858706216,"特斯拉印象本来就
不好 又出这事",0,0,0,2022-07-22 23:26:29,来自湖南,91702845949,皮皮姐
7123074721738441502,林志颖还是有名的赛车手，竟然也会被特斯拉坑了，看来特斯拉真的不能买，并不是每个人都有这样的好运！,3,196,0,2022-07-22 14:09:18,来自湖北,769252753418539,极速铅笔vY
7123079829850964766,这位可是车手。[灵光一闪],2,25,2,2022-07-22 14:29:02,来自广东,2922475583,阿伟吖
7123200852600685327,看头条，发现这个车老出事故，保命不开特斯拉！,0,0,0,2022-07-22 22:18:10,来自天津,5841845137,77游
7123110616600265509,又是特斯拉惹的祸！愿伤者早日康复！,0,2,0,2022-07-22 16:28:23,来自广东,61167085043352,虞夫人
7123079891855278851,特斯拉不可能起火的，是林志颖技术不行，没有受过特斯拉的驾驶培训[哈欠],4,96,6,2022-07-22 14:29:35,来自四川,97216367999,猪壹壹
7123138774858842921,祝福林氏父子无大碍 早日康复[祈祷]要感恩将其救出的好心人士 否则车辆起火林氏伤情不可估量...,0,12,3,2022-07-22 18:17:19,来自北京,628574913047287,xtoy
7123093616314188574,视频显示，前方根本就没有车，林车掉头过来，径直装上去的，警方这个声明罔顾事实。,0,2,0,2022-07-22 15:22:39,来自北京,70535775739,罗伯特小恶魔
7123164872405484328,就一句谢谢？应该来点真实的感谢救他的人,3,5,1,2022-07-22 19:58:29,来自广东,259082889472868,小明hml
7123213233968104233,一个专业的老赛车手出了这事故，难道怀疑技术？[捂脸]看着车速开的也不快,0,0,0,2022-07-22 23:06:30,来自天津,98072925875,路虽长行必至
7123193441269859113,再好的赛车手也驾驭不了特斯拉，希望林志颖父子早日康复,0,3,0,2022-07-22 21:49:22,来自安徽,4358071979870349,燕子
7123180967510180647,今天看到这个消息真是被吓死了！父子平安真是万幸！祝男神父子俩早日康复[祈祷][祈祷][祈祷],0,5,2,2022-07-22 21:01:18,来自广东,1450962441480524,鳯髙飛
7123149180620653350,特斯拉：我们做的是家用车，怎么能跟开赛车比呢，肯定是司机操作不但[灵光一闪],0,1,0,2022-07-22 18:58:07,来自广东,5492673938,九幽居士
7123132725464761092,特斯拉这次应该不会说要培训驾驶技术了吧,5,34,3,2022-07-22 17:54:35,来自广东,3008680839619773,快乐加一吖
7123116569571803916,特斯拉这车多钱？事故这么多？,0,1,0,2022-07-22 16:51:48,来自安徽,606566379959416,刘林老窖坊
7123208644308828969,关键是林志颖碰到这事，特斯拉客服直接慌了，如果换作是一个普通车主呢[呲牙]特斯拉比谁都嗓门大,0,3,0,2022-07-22 22:48:31,来自广东,5817653853,灿烂帆船Rp
7123162814952538916,肯定是车子的问题，希望林志颖父子平安无事！,0,11,1,2022-07-22 19:50:51,来自广西,100431568733,乱世佳人1113
7123133541852168974,如何特斯拉总是出事故，我感觉特斯拉公司真的要检查一下汽车到底都有哪些问题了，应该重视一下。,0,0,0,2022-07-22 17:57:17,来自广西,2933087805641612,珊瑚小李
7123105297191224097,"林志颖是一个赛车手啊！
个人分析:特斯拉适合新手司机开，老司机多年顽固的肌肉记忆与特斯拉的颠覆性创新有冲突，反而开不好特斯拉……对不？[困]",6,8,1,2022-07-22 16:08:09,来自湖南,2950730160808958,分析控
7123059576689771279,这车太吓人了，好像总是失灵,3,14,1,2022-07-22 13:10:04,来自天津,1508171584649559,好运常伴诸事皆宜
7123177635353576225,不明原因出车祸，请特斯拉记录仪给解释一下,0,4,0,2022-07-22 20:48:31,来自江西,109722463742,用户大海里一滴水
7123165236919550754,这说明林志炫不会开车,1,8,1,2022-07-22 19:59:49,来自贵州,52240080956,无心怪谈
7123132124244820774,希望父子早日康复，[祈祷]也多亏好心人及时救治送医院，好人一生平安,0,35,7,2022-07-22 17:52:11,来自北京,107862214756,jiejiegao11
7123160617699525413,系统短路失控撞车，短路后起火爆炸。,0,0,0,2022-07-22 19:42:31,来自广东,1780861240357662,番茄1780861240357662
7123132870608634655,买了特斯拉的司机们要小心开车,0,1,0,2022-07-22 17:54:55,来自广东,5778003625,客缘茶庄
7123093077686453027,特斯拉与众不同，除了刹车失灵，还会怒火中烧。,0,2,0,2022-07-22 15:20:20,来自广东,2397351918973256,致敬青春6747
7123079401302295310,有问题就要直视，狡辩会胜过事实吗,3,38,3,2022-07-22 14:27:30,来自山东,4015039125663124,铭婧
7123082585684673321,特斯拉更出名了,1,38,2,2022-07-22 14:39:21,来自北京,3562032423249127,杉蓝
7123188784895804164,确实，车头都烧没了，只能走后备箱出来了。,0,2,0,2022-07-22 21:31:49,来自重庆,61078077343,巴巴格拉波
7123110265507857166,希望林志颖早上恢复健康，查明事故原因,0,0,0,2022-07-22 16:27:03,,54776696027,素心若雪6658
7123174172738077481,林志颖是开赛车的，反应能力应该比一般人快吧，这不能说车主驾驶原因造成的吧？开赛车的都能撞电线杆上。,0,5,0,2022-07-22 20:34:35,来自北京,100057108026,ADC林三
7123101462863381282,如果林志颖站特斯拉车顶维权，会不会被抬走[机智][机智][机智],3,37,1,2022-07-22 15:52:42,来自河南,3114236492645344,烦了小太爷812
7123145255825998626,特拉斯让林志颖撞车一下跌入谷底，望林志颖父子平安[祈祷][祈祷][祈祷][祈祷],0,14,1,2022-07-22 18:42:28,来自山东,1187128589444045,直爽无忧草
7123058368973210401,林志颖这种级别的赛车手，驾驶斯特拉会撞成这样？难道这么专业的赛车手也忘记踩刹车？,1,9,0,2022-07-22 13:05:58,来自江苏,105715379533,白羊ho
7123204244282327843,起火原因查清了，林志颖自己点燃的，还带了干柴。车上没有易燃材质,0,1,0,2022-07-22 22:31:14,来自福建,3096751996,主营茅台系列酒
7123109899890262822,老开赛车的人，最后遭特斯拉挖坑了。叫马斯克出来亮个相。,0,2,0,2022-07-22 16:26:03,来自四川,97864587912,瞳星瞳成
7123155001467912991,后排乘客就不配有机械开门装置吗，非得爬后备箱,0,0,0,2022-07-22 19:20:56,来自江西,78812897245,会运动的小胖子1
7123103079570621197,事实证明，最好的赛车手，也驾驭不了特斯拉。,0,2,0,2022-07-22 17:01:39,,391888987498775,小玲子说情感
7123131770480149288,特斯拉汽车这么不稳…,22,76,6,2022-07-22 17:50:04,来自浙江,103030525574,曾翰宽
7123079930946093839,问你为什么起火？你说怎么逃生[捂脸]看来特斯拉车主要记住怎么逃生啊,0,24,0,2022-07-22 14:29:04,来自天津,111151413826,正能量湖泊hy
7123124763622376233,林志颖是什么人，干什么的,32,19,2,2022-07-22 17:22:47,来自浙江,3698951494,梦醒时分22995785
7123079997791093508,事实证明，部分有钱人的目光短浅。不知道该选什么车，还是燃油国产车安全。,1,16,1,2022-07-22 14:30:18,来自山东,303088547399575,勇往直前的饭团CJ
7123156472367842063,"又是特斯拉出事？林志颖作为一个专业的赛车手，出这样的简单事故是不是有点不可思议？
从事故的报道信息来看，当时林志颖行使的路况并不复杂，联想到特斯拉之前一些“莫名其妙”的事故，难道又跟车子有关？
要么就是林志颖驾车途中走神了，或者是一时大意，聊手机去了？按理来说经过专业培训的车手，应该不会犯这种低级错误？
只能等待调查结果了！",2,8,2,2022-07-22 19:25:55,来自广东,92332624766,尘世有真味
7123095468498191137,希望特斯拉好好教育林志颖怎么开车！！！[看],6,45,3,2022-07-22 15:30:15,来自江苏,11393763209,一枚蓝盐
7123056218835010311,这配图也是绝了，这哪是林志颖啊[捂脸][捂脸][捂脸],6,10,3,2022-07-22 12:57:30,来自北京,110145588752,小衍0078
7123190878227284770,这好热闹了，估计没办法了。,0,1,0,2022-07-22 21:39:26,来自广东,5447279403,如是自然
7123184676176888591,祈祷林志颖父子平安无事，早日康复！[奋斗],0,0,0,2022-07-22 21:15:19,来自山东,610920308412019,追着星星摘棉花
7123076012929696545,开了几十年车的专业车手竟然能撞桥墩应该是发现不对紧急处理，的亏遇到好人[赞],1,4,2,2022-07-22 14:14:48,来自陕西,101675332482,纪录精彩
7123080936132133668,不是智能驾驶特斯拉吗？看看还是刹不住，躲不过啊,1,16,1,2022-07-22 14:33:25,来自山西,15618831578,奋发梦想yX
7123079936755516168,三元锂电池特性就是这样，遇到事故就是爆燃，逃生时间以秒计算。比亚迪的刀片电池安全多了。,5,19,3,2022-07-22 14:29:31,来自湖南,3048116497,神行使徒
7123185344660882191,专业赛车手都搞不定出事故了，这下特斯拉该怎么推脱，还说是驾驶人自己的问题吗？,0,0,0,2022-07-22 21:17:54,来自河南,483436679405375,聪明的暖阳WD
7123201983313412900,特斯拉算客气了，没给你扣一顶非法改装的帽子是给足了林志颖面子。众所周知林志颖是一个赛车手，他经常炫自己改装的车子,0,1,0,2022-07-22 22:22:50,来自山东,4237430424,雪走36233917
7123125382794560297,此外，媒体致电特斯拉公关部门人员时，对方在一句“现在不方便接电话”后便挂断了电话。,0,1,0,2022-07-22 17:25:29,来自江苏,2919904147671150,天山星驰
7123213379912860451,特斯拉：他只会开赛车而已[酷拽],0,0,0,2022-07-22 23:07:01,来自安徽,78675914359,小熊猫🐼
7123131798821094184,作为一个曾经的赛车手，什么没见过？拉着最亲的儿子，居然能撞了？什么情况？？,9,48,4,2022-07-22 17:50:11,来自陕西,92760803237,彪哥加油呀
7123173021992895265,幸好旁边就有施工队，能马上发现送医,0,4,0,2022-07-22 20:30:35,来自上海,110161416284,蓝莓虾滑
7123079535511733022,不敢说人家油门当刹车了吧？人家可是赛车手。,1,18,0,2022-07-22 14:28:00,来自广东,80556771399,虎啸290
7123202378027238177,撞车不是事，就是撞了，不应该燃烧啊。,0,1,0,2022-07-22 22:24:53,来自江西,3759975053674007,用户gj5456887fhxcbdd
7123198358529245967,林算是职业赛车手 而且车上有孩子相信他不会有冒险的行为 这车吓人,0,0,0,2022-07-22 22:08:30,来自福建,52579069929,妮178682393
7123080002975056681,车子掉头，刚好前面有两个岔道口，他拿不定主意走哪条，一愣神就撞中间隔离墙了,15,9,4,2022-07-22 14:29:28,来自广西,3060628725959367,mison等168人
7123201813767144204,又是特斯拉，还我们不老容颜小志，愿小志平安度过此劫[祈祷],0,1,0,2022-07-22 22:22:21,来自浙江,852848109161998,小鱼日记本
7123201117542499107,特斯拉官方：此次事故因司机操作不当造成！与车身质量无关～[灵光一闪],0,0,0,2022-07-22 22:19:18,来自浙江,1455402036756555,柒号视界
7123126588727821069,有些人一定要把这个责任推给某个品牌，连警方都还没搞清楚原因，网友就直接定性了，是不是有点“欲加之罪何患无辞”的感觉？著名车手就不会马失前蹄吗？就不能因为聊天分心吗？老司机也会出错啊。如果小林子开的是卡迪拉克某些网友还会那么热心吗？还好他不开国产品牌，不然得多尴尬？！,0,1,2,2022-07-22 17:30:26,来自新西兰,106690654297,晓东在新西兰
7123081721842828039,塞车都开过，开特拉斯就车祸？,3,8,1,2022-07-22 14:36:31,来自广东,1802833236328536,随心别执着
7123137708889441027,电池不是起火原因？？？特斯拉随便一撞就起火，这就是一不定时炸弹。,0,0,0,2022-07-22 18:14:00,来自湖南,5767683742,随性自由的春风h
7123131261786440489,一看就不是林志颖 特斯拉这个车一再出现事故 爱惜生命 还是远离特斯拉,0,0,0,2022-07-22 17:48:07,来自安徽,2968292282342391,英明果断小红花K0
7123161900917719816,这真是个不好的消息，不管什原因，但愿父子平安。,0,16,1,2022-07-22 19:47:29,来自广东,2766023000073812,爱吃茄汁小排的墨香
7123150014536729382,愿林志颖父子，早日康复。,0,8,0,2022-07-22 19:01:36,来自山东,3029896079097453,信誉友善
7123121112733008653,"拉着一车电池,说没有易燃物质。飞机大充电宝都不让带!",0,1,0,2022-07-22 17:09:21,来自湖北,53106631133,从心开始999
7123214635163566860,一个赛车手都开不明白的车[捂脸],0,1,0,2022-07-22 23:13:09,来自山东,58863763045,子皿1210
7123143764910408488,还好有人救出来了，万幸👏👏👏，美国保罗沃克就没这么幸运了,0,12,1,2022-07-22 18:36:44,来自广东,95261921972,逆境之鱼
7123123435601183499,一位赛车手都能出事？祝愿父子平安,0,0,0,2022-07-22 17:18:30,来自广西,307488292605038,用户纤尘一墨
7123200711823131399,特斯拉就是垃圾，出了事故，车门都开不了，,0,1,0,2022-07-22 22:18:07,来自北京,58761755835,小小熊1981
7123122901712470817,林志颖不是赛车手吗？技术应该没问题吧,0,0,0,2022-07-22 17:16:24,来自广西,6641538557,黄叶知秋叶
7123222169257100071,愿林志颖父子早日康复🙏🙏🙏🌹🌹🌹🌹🌹🌹,0,0,0,2022-07-22 23:42:29,来自湖南,106116190954,李惠意
7123108551974716168,特斯拉要命的车,0,3,0,2022-07-22 16:20:12,来自河南,104335115762,冰雪奇缘783
7123114581387412256,我就奇怪了，特斯拉频频出事，居然还有人买,0,0,0,2022-07-22 16:43:57,来自江苏,76068187567,淡泊的记忆
7123081231469724430,不老男神，希望你没事,0,12,1,2022-07-22 14:34:27,来自黑龙江,92329050156,女人也可以傲到骨子里344
7123130758075859749,人没事就好👌🏻,11,227,8,2022-07-22 17:46:30,来自吉林,104998115260,开心~妈莉
7123136476380119845,希望早日康复，好人一生平安[祈祷],0,9,0,2022-07-22 18:08:38,来自陕西,2066734083742147,Amy追剧我爱我家园子
7123133405713629985,对这个人没有多大兴趣，只是个明星而已！,18,21,8,2022-07-22 17:57:14,来自广东,1363013116625544,单纯河流q0
7123203958075802382,愿偶像父子早日康复，[祈祷][祈祷][祈祷][祈祷][祈祷][祈祷],0,0,0,2022-07-22 22:30:51,来自福建,4380882142500076,睿宝宝
7123081640917828384,林志颖赛车手，技术应该没问题，特斯拉怎么了,4,13,2,2022-07-22 14:36:26,来自浙江,6101621231,自由凡尔赛
7123161012379239175,祝愿父子平安，注意安全很重要,0,13,0,2022-07-22 19:43:59,来自江苏,60733968587,Zm931111
7123056858490782502,特斯拉一定有问题 车头都没了的啊 刹车的事情没有侥幸,1,11,1,2022-07-22 13:00:02,来自上海,104933474809,勇者画板R6
7123160354825487134,祈祷林志颖父子平安无事，早日康复！[祈祷],0,11,1,2022-07-22 19:41:21,来自湖北,1451796005129389,勇者幸福zy
7123181845835105038,祝愿林志颖父子早日康复，也祝好心人身体健康，,0,0,0,2022-07-22 21:04:28,来自重庆,329470975425067,热情的荷叶W
7123087226472596258,林志颖有那么胖吗？[泪奔],7,6,0,2022-07-22 14:57:24,来自广东,4300039673,WinkyDu
7123211794889949986,两天两起特斯拉起火事故，昨天的是一撞瞬间起火,0,0,0,2022-07-22 23:00:54,来自江西,105136194240,sceneryline
7123117824666944256,特斯拉怎么会起火？车上没有易燃材料，肯定是林志颖驾驶技术不行[赞][赞][赞],0,0,0,2022-07-22 16:56:02,,4442498944738604,烟雨湿光
7123183119041725220,最讨厌特斯拉,21,62,7,2022-07-22 21:09:42,来自安徽,6849790022,苗M_M苗
7123160367823799052,特斯拉什么都不清楚，反正都不是车的问题。别买就对了出了问题它不清楚,0,0,0,2022-07-22 19:41:35,来自辽宁,3623638166933355,进取星辰x7
7123106730050945823,特思拉：起火原因正在调查，但我们想说的是，驾驶车辆时应集中注意力，更不要超速行驶，综合目前了解到的情况，我们对个别名星的驾驶技术，深感忧虑！,0,1,0,2022-07-22 16:13:27,来自福建,6484463726,吴动愚忠
7123197147780727563,老司机表示接受不了这个方向盘,0,6,0,2022-07-22 22:04:35,来自山东,87623782903,琪林啊
7123173312938640168,所有的米其林轮胎都不是这样用的，特斯拉的自动驾驶更加智能，前面有个支点更容易失控。中国人的开车方式是错误的，那不是设计感，是消费者教育。,0,2,1,2022-07-22 20:31:03,来自四川,3741240042,新靓点文化首席策划师
7123216070907511556,太揪心的！林志颖我的偶像！希望一切平安！#林志颖父子出车祸受伤 整辆车起火#,0,0,0,2022-07-22 23:18:49,来自甘肃,571355408896765,陕西俊儿
7123216274406376230,和车没关系，事故原因是驾驶人忘记踩刹车，至于起火是因为撞击摩擦生火，正常的物理现象,0,0,0,2022-07-22 23:19:19,来自上海,104234693544,小喜程序猿
7123147110727992094,都烧成这样了，还不易燃？那你们说的易燃是什么样子，是不是把客户烧的骨头都不剩了？,0,0,0,2022-07-22 18:50:10,来自海南,6587754980,我想和世界谈谈为啥
7123197571128017701,愿林志颖父子平安[祈祷]早日康复！,0,2,1,2022-07-22 22:05:41,来自北京,71308170881,羋敏
7123159362012742441,这种方向盘一旦单手操作，无异于送死,5,5,3,2022-07-22 19:37:06,来自广东,5505614364,一葉宇宙
7123200997081957157,开车一定要寄安全带，本来可以轻伤。淘宝上的卡扣插销竟然还在卖或者有人插上，再坐上去，靠在背后…,0,0,0,2022-07-22 22:19:04,来自福建,1325039636,pinolief
7123095697901421352,死亡特斯拉,0,19,0,2022-07-22 15:30:16,来自新疆,6405950523,bin0921
7123092504446534411,后排只能通过后备箱逃生，这是承认后门机械开门减配了吗？,0,7,0,2022-07-22 15:18:43,来自广东,52067194031,scheriter
7123080785846518569,这下直接影响特斯拉的销量,19,92,1,2022-07-22 14:32:30,来自四川,3286027274,柠都唐郎
7123206952393851680,无酒驾无毒驾，视频里也可以看出车速并不快，排除超速，两侧也没有车辆和行人，也可以排除紧急规避行人车辆的情况，所以为什么会撞上，还起火[晕],0,0,0,2022-07-22 22:42:53,,106527800069,梦马体育
7123191830761816846,车身没有易燃材质，车上带了危险品,0,1,0,2022-07-22 21:43:22,来自吉林,3547806630,Mr_Niulg
7123198774058664717,这是林志颖赛车手身份最无语的事件吧,0,0,0,2022-07-22 22:10:22,来自四川,92482480353,lianlian123456789
7123212300186174215,特斯拉发文，跟刹车没关系，司机是新手。,0,1,0,2022-07-22 23:03:28,来自山东,69312987821,丹枫涂
7123081084770403080,电车一旦与到事故电瓶就会短路起火，这是通病，难免 国家应该攻克,6,36,1,2022-07-22 14:34:17,来自山东,50432918233,太阳岛144187188
7123093072401122088,个人猜测还是驾驶习惯不同导致的，油车和电车的驾驶习惯并不完全一致，特别是提速，车手的肌肉记忆就更难适应电车的驾驶习惯了，特别是离障碍物近的时候，那一瞬间油车带来的反应就出事故了。,11,10,3,2022-07-22 15:20:07,来自广西,2151103266037935,竹乐居竹编家具
7123079461062853376,赛车手也无法驾驭的特斯拉,8,321,7,2022-07-22 14:27:14,来自云南,55197051926,北京现代保山店字璐
7123086149559567141,肯大概率因为用了自动驾驶，特斯拉用的视觉识别，放弃雷达，对静止不动的物体识别概率偏低，所以撞到墩子上了。,6,32,1,2022-07-22 14:53:10,来自河南,102254658609,金融工地抬杠工
7123212333568148256,"特斯拉：这位司机驾驶不当！
林志颖：我是专业赛车手！
特斯拉：这位专业赛车手驾驶不当！
林志颖：………",0,0,0,2022-07-22 23:03:42,来自浙江,55183749864,青葱蘸酱生姜糖茶
7123207966857200414,别家的车，撞车也就断轴，人，车没事，特斯拉撞柱子，直接就起火毁车，人还不知道是否安全。,0,0,0,2022-07-22 22:46:12,来自江苏,67402949401,小手冰凉嘟嘟
7123193347723903752,特斯拉，职业赛车手林志颖毁在它的手。愿林志颖父子俩早日康复！,0,1,0,2022-07-22 21:49:11,来自广西,3245390281839192,用户守心自暖
7123191792379855620,这起车祸证明了不仅特斯拉不能买，电车最好也别买，这么慢的速度一撞就起火，幸亏有人来救林志颖，不然后果不堪设想，杭州那辆车也是被撞起火。而且类似于主动刹车这类电子操控的功能并不可靠。,0,2,0,2022-07-22 21:43:37,来自河北,67896868212,世界庄
7123225151579243277,名人、赛车手，抛开不谈。一幢就起火，实在是不安全呢。试问电动车有过碰撞测试吗？,0,0,0,2022-07-22 23:53:49,来自湖北,3227809919282344,坐好哦开车了
7123135663876752128,愿父子俩无大碍，早日康复🙏🙏🙏,0,6,0,2022-07-22 18:05:23,来自河北,92764783339,lavylmh
7123208383561532164,起火原因不是因为车辆失控撞击路边护栏引起的起火吗？这么简单的问题还不知道！？[抠鼻],1,0,0,2022-07-22 22:48:13,来自重庆,3519864490,力滔Leo
7123190842432455428,肯定跟特斯拉没关系，主要是林志颖作为曾经一个职业车手驾驶技术肯定不行。,0,0,0,2022-07-22 21:39:44,来自安徽,4203623425,惑而不惑
7123079753355674376,林志颖是F1车手，难道也是特斯拉副总裁口中说需要再培训的吗？,8,30,3,2022-07-22 14:28:58,来自湖南,52193536776,一阵风吹后
7123148913972314914,不要问特斯拉了，肯定又是司机操作不当。,0,2,0,2022-07-22 18:56:40,来自上海,93231082413,老男人7366
7123195991582933794,特斯拉设计是没有问题的，一定是林志颖的驾驶方法出错！,0,1,0,2022-07-22 21:59:14,来自广东,65327906181,闻军2750
7123204403502482206,司机不会开，TSL的司机不是这样开的车,0,0,0,2022-07-22 22:32:32,来自湖南,2554884331682296,热心圆月hE
7123184075556668193,是不是使用了自动模式驾驶，自动模式失灵引起的碰撞？但愿不老男神父子早日康复[祈祷][祈祷][祈祷],0,0,0,2022-07-22 21:13:23,来自江西,3210172529380899,用户静8657773810675
7123208278259729187,起火原因不清楚[抠鼻]，一个电车受点外力正负极相碰就起火，这点还不清楚么?,0,0,0,2022-07-22 22:47:15,来自辽宁,74066689279,星空下飘逝的风雷
7123194010621215525,新能源车不能碰撞，稍微重一点，电池移位，容易爆炸💥！,0,1,0,2022-07-22 21:51:52,来自江苏,4012605237,壮丽東南第一州
7123105005921698568,开的不是挺快，正常行驶啊，为什么就撞上了，是转向失灵了吗,0,0,0,2022-07-22 16:06:32,来自山西,103226653165,派乐汉堡富力城店
7123113708318393103,特斯拉真心不敢买，这速度也就是20公里／小时，这样的速度都能碰撞起火，太恐怖了。小心生命，远离危险，少些虚荣，支持国货。,0,1,0,2022-07-22 16:40:09,来自北京,4336068114263324,灵巧咖啡sX
7123192230038291240,搞笑，并无易燃材质，特斯拉哪次事故不着火,0,0,0,2022-07-22 21:44:31,来自辽宁,3896270210741836,扬帆999999999
7123061760688997123,林志颖肯定没有接受特斯拉的培训教育，特斯拉肯定没问题[泪奔][泪奔],2,60,2,2022-07-22 13:19:30,来自江苏,88876990969,往事随风789789
7123127876806853409,"大概是驾驶系统出问题。
一世英名啊，毁于特斯拉了……",0,1,0,2022-07-22 17:35:26,来自辽宁,3737993149166015,龙亿玖
7123098557217276704,估计特斯拉会说驾驶员驾驶技术不佳，需要去特斯拉学院学习下,0,1,0,2022-07-22 15:42:16,来自上海,6856911174,巴哈姆特001
7123224989125804830,一个车手，在这么宽的路，偏偏就撞条处，而且还自燃，我觉得是不是车子不能转弯，然后又不能刹车，然后撞了电池，再起火！,0,0,0,2022-07-22 23:53:29,来自广东,4076622181304136,森林布
7123166117719261992,后排乘客可通过后备箱逃生。。。心里一惊，意思就是出事了，后排差不多只能等死了[捂脸],0,0,0,2022-07-22 20:03:12,来自北京,57705735439,二手电脑
7123095587490333470,后备箱逃生，那意思出了事车门打不开？？,0,5,0,2022-07-22 15:30:07,来自天津,66989584738,自然204228848
7123184123434369807,这车就是个定时炸弹啊,0,3,0,2022-07-22 21:13:02,来自北京,6655174223,艺馨旅行
7123220385331970829,有点难公关啊，总不能说赛车手油门当刹车了吧。看看能出多少钱让林志颖主动背锅吧[马思纯的微笑],0,0,0,2022-07-22 23:35:25,来自山东,11393556011,8090跨步走
7123118007887020811,后排座需要从后备箱逃生？紧急情况下谁有这本事？特斯拉设计真牛！,0,0,0,2022-07-22 16:57:32,来自江苏,108294540612,牧野古乐
7123214707737477920,林是专业赛车手，不能轻易推到不当驾驶问题了，看特斯拉这下如何解释与公关！[呲牙],0,0,0,2022-07-22 23:13:19,来自湖南,13403745735,清风明月20180831
7123081074984731427,谁还敢说特斯拉没问题，他可是做过专业的车手的人，连他都控制不了特斯拉,0,7,0,2022-07-22 14:33:32,来自湖北,110794274964,哈希m
7123206550998549261,驾驶员因有职业车手的惯性开车习惯所导致了这次意外！这和特斯拉产品没有一点关系！好了我只能这样编了[捂脸],0,0,0,2022-07-22 22:40:33,来自广东,5567268388,馒头罗密欧
7123138098527748876,远离特斯拉，珍爱生命[泪奔][泪奔]希望父子平安[祈祷][祈祷][祈祷],0,11,2,2022-07-22 18:15:39,来自北京,4432834998573408,认真的橘子Tr
7123220101637849897,特斯拉官回：车型号不一样，操作也不一样，驾驶员违规操作，转弯过慢，踩刹车过猛。这回复行吗？,0,0,0,2022-07-22 23:33:29,来自福建,2573270132202823,淡定帆船L
7123199175575405352,紧急情况司机都撞昏迷了，还怎么强制解锁开门？,0,0,0,2022-07-22 22:11:34,来自黑龙江,55098256112,MrLeeYy
7123132962262319884,小孩子受伤了吗，希望父子俩都平安！,0,16,1,2022-07-22 17:55:25,来自上海,61698255548,娜是小白兔
7123198253038125824,不老男神，希望父子平安，早日康复[祈祷],0,0,0,2022-07-22 22:08:06,来自广东,86368485604,成熟蜻蜓D
7123208492693127976,锂电池出了事故容易快速着火,0,1,0,2022-07-22 22:48:02,来自山东,77416903506,王大美CC
7123206870914925343,特斯拉发表什么不重要，等林志颖公开露发言为准，这次不能说司机误踩加速吧？也不能说驾驶者对车不熟练吧？这位可是玩车的佼佼者，他的专业性无人可以怀疑。,0,0,0,2022-07-22 22:42:02,来自广西,93578433822,桂E四眼
7123188997639144231,如果不是林志颖的话，也不会发通告了，前几天还看到，弹射起步，遇到抢黄灯车辆相撞，也是看到车辆底部起火🔥很危险的,0,0,0,2022-07-22 21:32:33,来自上海,60968900588,直率面条J
7123141446173557535,"优秀的赛车手都驾驭不了特斯拉了！这个特斯拉真的是危险了！
祝愿林先生平安，早日康复！",0,23,2,2022-07-22 18:27:56,来自上海,99102600340,黄正华教你做干预
7123079434177348390,可能是驾驶熟练度不够，和特斯拉没关系[看],7,31,5,2022-07-22 14:28:04,来自重庆,96809322127,边边周伯通
7123195799714661120,可能是方向盘失去控制了，特斯拉车机系统存在安全隐患,0,0,0,2022-07-22 21:58:37,来自湖南,849247418197199,南博至忠
7123165976292229922,赛车手出车祸？希望他们父子能够早日康复！！[祈祷][祈祷],0,3,1,2022-07-22 20:02:56,来自山西,4344874000719116,5588568坚卧烟霞
7123208369716216608,不管大家怎么喷依然阻挡不了广大群众对特斯拉的喜爱！身边的朋友换新能源首选都是特斯拉！我个人不会开车也不喜欢特斯拉[笑哭][笑哭][笑哭],0,0,0,2022-07-22 22:48:17,来自上海,110599783756,yoyo鹿鸣
7123195381642707715,特斯拉反向输出！该给林多少钱的代言费啊,0,0,0,2022-07-22 21:57:21,来自云南,52325194532,咕叽咕叽的饿
7123186305361986304,只说了林志颖的伤情，没有说其儿子的伤情。儿子还好吧！,0,0,0,2022-07-22 21:21:39,来自湖北,3861084407870748,燕我自己
7123147480665637666,像林志颖赛车手都驱驾特斯拉，也能失控的话，证明特斯拉真的不能买了。以前总以为是个别司机上了年纪操作不当，现在事实证明叼不得,0,0,0,2022-07-22 18:51:11,来自广东,4272503995,奇妙百香果az
7123117868246008609,愿平安无事，不老男神，,0,10,1,2022-07-22 16:56:56,来自湖北,3482095974,垂钓黄昏
7123211676916679462,开车的人就有出车祸的概率这很正常啊！而且林志颖车技需要经过我们专业培训就不会出这问题了,0,0,0,2022-07-22 23:01:10,来自安徽,264312803564556,睿智葡萄S
7123079563383079711,车烧成这样，如果人跑不快，没有及时逃出车内，将会活活被烧死……,0,24,1,2022-07-22 14:28:25,来自陕西,85698751710,在给我一分钟
7123200220535767849,昨天那个弹射起步被撞起火的特斯拉，特斯拉怎么不回应啦,0,0,0,2022-07-22 22:15:43,来自广东,6719193026,灬有梦想的咸鱼
7123110477504201472,我寻思着林志颖不是专业赛车手吗，会不会开车啊，和我特斯拉可没关系哟,0,1,0,2022-07-22 16:27:25,,51107298540,yong_o
7123111867039367940,林志颖不会开车，不是特斯拉刹车失灵,0,1,0,2022-07-22 16:33:16,来自河南,408670179180139,电焊培训刘老师
7123197526261875456,很明显是有人做手脚了，特斯拉都澄清了，车子没有易燃材质。[捂脸],0,0,0,2022-07-22 22:05:11,来自陕西,82741373395,尼古拉斯小蜜
7123080797204022048,特斯拉客服还是比较忙的。[捂脸][捂脸][捂脸],0,7,1,2022-07-22 14:33:06,来自河南,84187577863,闫莉641
7123187841278264101,早两天人家赛车刚刚拿了冠军，今天开特斯拉载着儿子无端端怼路边隔离带，怼到车报废人重伤，，，，，特斯拉没问题[思考],0,1,0,2022-07-22 21:27:53,来自广东,104300763107,噢嗨喲
7123189908742832909,林志颖本身就是塞车手，出这样的事，车速又不快，不可能是驾驶的问题，这次看特斯拉怎么回复,0,0,0,2022-07-22 21:35:49,来自黑龙江,55048783238,与狼共舞dq
7123219412760806159,这特斯拉一撞起火概率太高了吧，昨天那个在路口那么撞一下也起火了,0,0,0,2022-07-22 23:30:34,来自广东,4086242500422813,机智的光束3Z
7123057224737686307,衣服裤子手表对的上，但是脸是怎么回事，这是撞得吗[震惊],2,6,0,2022-07-22 13:00:45,来自北京,54582261984,Shawnfee
7123218704594731779,你说特斯拉再送林志颖一辆车 他还敢开不？,0,0,0,2022-07-22 23:29:21,来自山西,610971285466158,恨天低部落
7123156330617373478,赛车手都驾驭不了特斯拉，我这技术更不行了,0,0,0,2022-07-22 19:25:54,来自山东,1881971674845999,彤欣协力777
7123184608895599400,"赛车手， 出车祸。
500万，有没有？
是时候考验公关的能力时候了。",0,0,0,2022-07-22 21:14:52,来自广东,99921876894,开心就四好
7123190733741425408,特斯拉又出名了，公关部又得忙碌起来,0,0,0,2022-07-22 21:38:45,来自辽宁,109766038302,大连大圣说房
7123077405761553192,"只要是特斯拉出事故，一定会着重注明是特斯拉
其他任何品牌出事故，从来都不会刻意注明品牌",14,22,6,2022-07-22 14:19:14,来自江苏,63774463257,爱喝百威
7123124587839210255,特斯拉汽车这样的大火如果不及时救治伤者存活几率基本为零。,0,1,0,2022-07-22 17:22:08,来自江苏,59644776950,独一无二的昭昭
7123193850797261606,特斯拉：我们怀疑驾驶员在开车🚗,0,0,0,2022-07-22 21:51:29,来自安徽,106106762298,寒武纪来客
7123105822888182532,我不会买特斯拉，但是我觉得没必要揪着特斯拉。全世界有多少开着特斯拉出事故的。开别的车就没事故了？当然我也极其讨厌外国品牌打入中国市场。我也是那种只用国产品牌的人。,0,0,0,2022-07-22 16:10:06,来自河南,110419598651,新雨666
7123197884090057484,车祸猛于虎，不幸中的万幸，好的人算保住性命了，希望林志颖父子早日康复，[祈祷][祈祷][祈祷],0,0,0,2022-07-22 22:07:05,来自北京,5866214446,C傲雪寒梅
7123197255721026304,敢百分百保证特斯拉还是那种口气，是驾驶员的错，不是车的问题。看后续吧,0,1,0,2022-07-22 22:04:11,来自江西,1182702734149549,贺楠腩
7123080822936224512,特斯拉不错，好样的，可惜了小林,3,17,4,2022-07-22 14:32:35,来自河北,1121101723483373,武心者
7123209344224723746,这次特斯拉不敢轻易说是车主的原因了！,0,0,0,2022-07-22 22:51:10,来自广东,3593364212,gz_czq
7123194823930512169,前面几天重庆黄水镇也是有个人开特斯拉刹车失控，连续撞了7人，有2个当场死亡。,0,0,0,2022-07-22 21:54:46,来自重庆,88655511145,宸宸妈妈1234567
7123131711256806174,仅代表 “仅”字用词不当。应为“谨”。,8,23,5,2022-07-22 17:50:17,来自河北,50370889292,格子田
7123222474263364387,特斯拉的油箱装在车头吗？烧得这么剧烈,0,0,0,2022-07-22 23:42:53,来自广东,105337982397,非常勤奋的农民工
7123204001155318567,后排乘客怎么打开后备箱？如果后备箱装满货物呢？,0,0,0,2022-07-22 22:31:05,来自广东,100688912827,OELYB
7123199963722941198,玩赛车的人是驾驭不了特斯拉的[大笑],0,0,0,2022-07-22 22:15:12,来自海南,58965099575,珍惜时光163683119
7123198931987153702,强行解锁车门，跳车的意思吗？,0,0,0,2022-07-22 22:11:29,来自北京,51193012571,静观墨察
7123205424001647396,特斯拉调查结论，是驾驶员操作不当引起的事故,0,0,0,2022-07-22 22:36:17,来自河南,5900739358,破庙听风70778576
7123190003916096289,特斯拉车头是放东西的，估计林哥是前面放了易燃物品 、站在最公道的事情来分析。勿喷,0,1,0,2022-07-22 21:36:36,来自江西,320692179706622,淡泊的风铃i
7123202683158496011,电车一出车祸就是爆炸起火🔥,0,0,0,2022-07-22 22:26:04,来自云南,1011969674999085,赋闲影视
7123079508492223247,一定要查清楚到底是不是车子的问题，如果是的话，特斯拉估计也差不多废了,1,12,1,2022-07-22 14:27:33,来自福建,1680492250532268,美女吗
7123135026987860736,一名赛车手竟然毁在了特斯拉上,1,9,0,2022-07-22 18:02:34,来自天津,51928115163,viviQ1199564737
7123225292033770281,这次特斯拉咋不说是司机的问题呢？,0,0,0,2022-07-22 23:53:33,来自四川,60220261004,MY宏诚
7123204959109399299,特斯拉：不管怎么撞的、怎么起火的！反正我车没问题[抠鼻],0,0,0,2022-07-22 22:34:42,来自河北,993554456654924,醉后方知酒浓oN
7123217606689669888,林志颖可是个赛车手，他不懂开特斯拉？[捂脸][捂脸]不是车的问题，是开车人的问题。[捂脸][捂脸][捂脸],0,0,0,2022-07-22 23:23:40,来自海南,50302071461,漫步飞舞1
7123080254801593125,买比亚迪汉不香么？刀片电池不燃不炸！非要冒着生命危险买不负责任的特斯拉,2,5,1,2022-07-22 14:31:02,来自广东,3284052540,等等_10398311
7123108614059410180,林志颖不会开车，特斯拉法务部没有错[笑哭][笑哭],0,0,0,2022-07-22 16:21:12,来自湖北,50275538679,东南亚地区降头师
7123139020288951044,希望林志颖父子早日康复。,0,10,1,2022-07-22 18:19:15,来自广西,108616445585,正直明月xL
7123081320896545572,著名歌手及赛车手对特斯拉的起火都无力回天无可奈何[捂脸][捂脸][祈祷][祈祷],0,8,1,2022-07-22 14:35:09,来自河南,98683989322,陈小麦02
7123092570833830687,伤势不严重，有的是钱一定能康复的。,0,1,0,2022-07-22 15:18:36,来自北京,100255266103,用户周喜成
7123104791546888990,特斯拉又出名了,0,0,0,2022-07-22 16:05:57,来自吉林,1019987857784632,fushengrusi
7123138571950932751,幸好有热心人及时把小志父子拉出来,0,5,0,2022-07-22 18:16:31,来自北京,87108973991,追自由0123
7123105533133013775,都说人被卡住了，还怎么去拿开门装置。特斯拉真是牛🐮,0,1,0,2022-07-22 16:08:20,来自山东,60103664899,老班长165547779
7123195705165906722,林志颖这么快就告诉警方没注意前方状况了？,0,1,0,2022-07-22 21:58:04,来自广东,55392794804,深爱TJ
7123171589180883747,吉米是k米的弟弟吗？k米应该长成大小伙子了，但愿他们平安无事,0,2,0,2022-07-22 20:24:32,来自江苏,3509260761184254,喜欢看雨的看雨
7123148012696322824,人还在手术室，媒体咋知道的？,0,0,0,2022-07-22 18:53:41,来自广东,2299776779683460,博学聪明的画板Ys
7123186498987508519,赛车手开特斯拉出车祸着火，到底是赛车手的问题还是特斯拉问题呢？,0,0,0,2022-07-22 21:22:50,来自湖南,4452317237,吥同凡想
7123075164178236163,电车起火……当事人被民众拉出？我就想知道，民众是怎么脱困的[大笑][大笑][大笑],0,1,0,2022-07-22 14:11:11,来自福建,65232078813,lunaye1982
7123188684777669379,开赛车都开了，特斯拉官方旗舰店又开始说：开特斯拉没有培训,0,1,0,2022-07-22 21:31:16,来自河南,1415768062303043,多才盛世年华
7123134129834804008,愿父子平安，早日康复！,0,9,0,2022-07-22 17:59:16,来自云南,3598073352436784,芬姐
7123097589968487172,台媒太搞笑了，一个专业赛车手竟然“未注意车前状况”，就像在说厨师没分清盐和糖一样。,0,3,0,2022-07-22 15:38:05,来自湖北,1679797865,jade05211
7123109882459030276,台湾交警处置警情能力真强！秒速判定事故责任…,0,3,0,2022-07-22 16:25:58,来自山东,95976008931,西麦兰涛
7123188096270762759,林志颖不会开车[我想静静],0,1,0,2022-07-22 21:28:51,来自湖北,1499352825863197,渔人9哥
7123115343836660480,这不是特斯拉的问题，驾驶员的问题,0,1,0,2022-07-22 16:46:22,来自广东,3162056983,Dear彡陪我看日出
7123190965066253090,今天我儿子也撞车了，还好人没事，车子坏了，对方闯红灯,0,0,0,2022-07-22 21:39:46,来自江苏,104209241462,奋发有为天空h5
7123188734153589516,希望特斯拉正视自己产品安全方面的缺陷，安全是行驶第一要素，安全保证不了，起步在快续航里程在长，都没有任何意义。,0,0,0,2022-07-22 21:31:43,来自辽宁,111112678683,小雷雷1314527
7123203865499206413,车上还有孩子呢，不会那么不小心没注意车前状况吧,0,0,0,2022-07-22 22:30:22,来自江苏,5942590738,烟花三月古月
7123210557322920738,特斯拉还是没给一个说法，记得啥时候都是特斯拉刹不住车的原因被4s召回，祝他们父子早日康复,0,0,0,2022-07-22 22:56:08,来自河南,110800962748,浅涩55
7123181364752941832,赛车手就算是业余的也是经过系统培训的，不说人车合一，但车手的安全理念比我们一般人强很多，职业习惯是会带到生活中并言传身教的，特斯拉也是电车的典范，各种不可能，却发生了这样的事情，还是要等调查结果，还是祝愿我们台湾省的明星和孩子一切安好。,0,0,0,2022-07-22 21:02:50,来自浙江,6350971783,黒沢葵kiki
7123214859302732579,特斯拉：虽然大家都知道他是赛车手，但毕竟开的都是油车，对电车他不一定专业，所以，是他个人的驾驶出了问题……,0,0,0,2022-07-22 23:12:46,来自海南,107861687222,MJ21
7123211086513537795,电车发生车祸 十个有八个起火的,0,0,0,2022-07-22 22:58:45,来自浙江,1714834608233134,当代单身狗
7123207777279214376,特斯拉单踏板模式反人类，害人不浅，这个车出了多少惨烈事故了,0,0,0,2022-07-22 22:45:08,来自湖北,100162711344,鱼水128
7123198824587969280,特斯拉还是会说：是司机不会开车。,0,0,0,2022-07-22 22:10:24,来自上海,84495000561,惠泽于天下
7123195367667172131,不管什么原因，这么慢的速度撞了一下都能烧成这样，可靠性令人担忧,0,0,0,2022-07-22 21:56:42,来自广东,60538148824,空城168690374
7123192658856198947,真牛逼，这速度他一撞就起火了。油车貌似没这么夸张吧？,0,1,0,2022-07-22 21:46:24,来自浙江,85684845270,潇洒宇
7123080153538134824,人没事就行,2,10,3,2022-07-22 14:29:56,来自河北,92761402155,谁说人生苦短
7123115342910178052,有没有可能驾驶车辆中，操作手机分心驾驶!职业赛车手，还不是有粗心大意的时候!别想的那么完美！,3,4,1,2022-07-22 16:47:20,来自贵州,104988955270,热情的梦想家mx
7123184483180167974,不说别的，就这个速度撞了一下，零件出仓了，还起了大火，也太安全了,0,0,0,2022-07-22 21:15:10,来自天津,83934528678,老小小孩470
7123116882148131624,操作失误引起的，特斯拉你值得拥有！,0,0,0,2022-07-22 16:52:30,来自江苏,6415322764,幽幽88287721
7123186506906878758,"特斯拉这一下子芭比扣了。
祝福林志颖安全无恙。祈祷一下。",0,1,0,2022-07-22 21:23:08,来自安徽,110835755301,无名观澜
7123192334421852958,车子沒可燃物体，难道林志颖载着儿子，后座放了煤气瓶拉[捂脸],0,1,0,2022-07-22 21:45:12,来自广东,6006234138,书生888
